*** SIMULATED BIN SIZE PROBABILITIES ***
Number of fragments: 279352791
Fragment length: 10
Number of clusters: 5
Number of bins: 9765625
Average bin size: 28.61
Clusters: STAN#ILVM#KRDEQ#WFYH#GPC

Cluster probabilities
  0      1      2      3      4    
0.2496 0.2426 0.2617 0.1090 0.1371 

    k     P(X=k) log P(X=k)        Pav    log Pav
    0 1.0260e-03 -6.8821e+00 3.7730e-13 -2.8606e+01
    1 2.4951e-03 -5.9934e+00 1.0793e-11 -2.5252e+01
    2 4.0092e-03 -5.5192e+00 1.5437e-10 -2.2592e+01
    3 5.4047e-03 -5.2205e+00 1.4720e-09 -2.0337e+01
    4 6.6297e-03 -5.0162e+00 1.0527e-08 -1.8369e+01
    5 7.6701e-03 -4.8704e+00 6.0225e-08 -1.6625e+01
    6 8.5265e-03 -4.7646e+00 2.8713e-07 -1.5063e+01
    7 9.2178e-03 -4.6866e+00 1.1734e-06 -1.3656e+01
    8 9.7814e-03 -4.6273e+00 4.1956e-06 -1.2381e+01
    9 1.0261e-02 -4.5794e+00 1.3335e-05 -1.1225e+01
   10 1.0689e-02 -4.5386e+00 3.8147e-05 -1.0174e+01
   11 1.1073e-02 -4.5032e+00 9.9201e-05 -9.2184e+00
   12 1.1402e-02 -4.4739e+00 2.3648e-04 -8.3497e+00
   13 1.1654e-02 -4.4521e+00 5.2035e-04 -7.5610e+00
   14 1.1807e-02 -4.4390e+00 1.0632e-03 -6.8465e+00
   15 1.1854e-02 -4.4351e+00 2.0276e-03 -6.2009e+00
   16 1.1802e-02 -4.4395e+00 3.6251e-03 -5.6199e+00
   17 1.1672e-02 -4.4506e+00 6.0999e-03 -5.0995e+00
   18 1.1495e-02 -4.4658e+00 9.6940e-03 -4.6362e+00
   19 1.1307e-02 -4.4824e+00 1.4595e-02 -4.2271e+00
   20 1.1137e-02 -4.4975e+00 2.0875e-02 -3.8692e+00
   21 1.1009e-02 -4.5091e+00 2.8435e-02 -3.5601e+00
   22 1.0936e-02 -4.5157e+00 3.6973e-02 -3.2976e+00
   23 1.0922e-02 -4.5169e+00 4.5985e-02 -3.0794e+00
   24 1.0961e-02 -4.5134e+00 5.4810e-02 -2.9039e+00
   25 1.1040e-02 -4.5063e+00 6.2715e-02 -2.7692e+00
   26 1.1140e-02 -4.4972e+00 6.9000e-02 -2.6736e+00
   27 1.1242e-02 -4.4881e+00 7.3104e-02 -2.6159e+00
   28 1.1327e-02 -4.4806e+00 7.4685e-02 -2.5945e+00
   29 1.1378e-02 -4.4760e+00 7.3670e-02 -2.6082e+00
   30 1.1383e-02 -4.4756e+00 7.0246e-02 -2.6558e+00
   31 1.1332e-02 -4.4801e+00 6.4820e-02 -2.7361e+00
   32 1.1221e-02 -4.4900e+00 5.7945e-02 -2.8483e+00
   33 1.1048e-02 -4.5055e+00 5.0229e-02 -2.9912e+00
   34 1.0818e-02 -4.5265e+00 4.2260e-02 -3.1639e+00
   35 1.0537e-02 -4.5529e+00 3.4539e-02 -3.3657e+00
   36 1.0213e-02 -4.5841e+00 2.7445e-02 -3.5956e+00
   37 9.8565e-03 -4.6196e+00 2.1218e-02 -3.8529e+00
   38 9.4799e-03 -4.6586e+00 1.5973e-02 -4.1369e+00
   39 9.0950e-03 -4.7000e+00 1.1716e-02 -4.4468e+00
   40 8.7136e-03 -4.7429e+00 8.3785e-03 -4.7821e+00
   41 8.3464e-03 -4.7859e+00 5.8457e-03 -5.1421e+00
   42 8.0027e-03 -4.8280e+00 3.9814e-03 -5.5261e+00
   43 7.6899e-03 -4.8678e+00 2.6486e-03 -5.9337e+00
   44 7.4133e-03 -4.9045e+00 1.7220e-03 -6.3643e+00
   45 7.1761e-03 -4.9370e+00 1.0946e-03 -6.8173e+00
   46 6.9798e-03 -4.9647e+00 6.8070e-04 -7.2924e+00
   47 6.8244e-03 -4.9873e+00 4.1430e-04 -7.7889e+00
   48 6.7085e-03 -5.0044e+00 2.4690e-04 -8.3065e+00
   49 6.6299e-03 -5.0162e+00 1.4414e-04 -8.8447e+00
   50 6.5859e-03 -5.0228e+00 8.2464e-05 -9.4031e+00
   51 6.5733e-03 -5.0247e+00 4.6254e-05 -9.9814e+00
   52 6.5887e-03 -5.0224e+00 2.5445e-05 -1.0579e+01
   53 6.6283e-03 -5.0164e+00 1.3733e-05 -1.1196e+01
   54 6.6883e-03 -5.0074e+00 7.2750e-06 -1.1831e+01
   55 6.7647e-03 -4.9960e+00 3.7838e-06 -1.2485e+01
   56 6.8531e-03 -4.9831e+00 1.9328e-06 -1.3157e+01
   57 6.9491e-03 -4.9691e+00 9.6999e-07 -1.3846e+01
   58 7.0480e-03 -4.9550e+00 4.7840e-07 -1.4553e+01
   59 7.1450e-03 -4.9413e+00 2.3195e-07 -1.5277e+01
   60 7.2357e-03 -4.9287e+00 1.1058e-07 -1.6017e+01
   61 7.3156e-03 -4.9177e+00 5.1858e-08 -1.6775e+01
   62 7.3807e-03 -4.9089e+00 2.3926e-08 -1.7548e+01
   63 7.4274e-03 -4.9026e+00 1.0864e-08 -1.8338e+01
   64 7.4531e-03 -4.8991e+00 4.8558e-09 -1.9143e+01
   65 7.4556e-03 -4.8988e+00 2.1370e-09 -1.9964e+01
   66 7.4337e-03 -4.9017e+00 9.2622e-10 -2.0800e+01
   67 7.3869e-03 -4.9080e+00 3.9545e-10 -2.1651e+01
   68 7.3157e-03 -4.9177e+00 1.6635e-10 -2.2517e+01
   69 7.2209e-03 -4.9308e+00 6.8967e-11 -2.3397e+01
   70 7.1042e-03 -4.9471e+00 2.8183e-11 -2.4292e+01
   71 6.9675e-03 -4.9665e+00 1.1355e-11 -2.5201e+01
   72 6.8133e-03 -4.9889e+00 4.5114e-12 -2.6124e+01
   73 6.6438e-03 -5.0141e+00 1.7678e-12 -2.7061e+01
   74 6.4615e-03 -5.0419e+00 6.8338e-13 -2.8012e+01
   75 6.2690e-03 -5.0721e+00 2.6065e-13 -2.8976e+01
   76 6.0683e-03 -5.1047e+00 9.8105e-14 -2.9953e+01
   77 5.8615e-03 -5.1394e+00 3.6446e-14 -3.0943e+01
   78 5.6504e-03 -5.1760e+00 1.3366e-14 -3.1946e+01
   79 5.4365e-03 -5.2146e+00 4.8399e-15 -3.2962e+01
   80 5.2212e-03 -5.2550e+00 1.7306e-15 -3.3990e+01
   81 5.0055e-03 -5.2972e+00 6.1118e-16 -3.5031e+01
   82 4.7906e-03 -5.3411e+00 2.1321e-16 -3.6084e+01
   83 4.5773e-03 -5.3866e+00 7.3482e-17 -3.7149e+01
   84 4.3665e-03 -5.4338e+00 2.5024e-17 -3.8227e+01
   85 4.1589e-03 -5.4825e+00 0.0000e+00 -3.9316e+01
   86 3.9555e-03 -5.5326e+00 0.0000e+00 -4.0416e+01
   87 3.7571e-03 -5.5841e+00 0.0000e+00 -4.1529e+01
   88 3.5647e-03 -5.6367e+00 0.0000e+00 -4.2653e+01
   89 3.3792e-03 -5.6901e+00 0.0000e+00 -4.3788e+01
   90 3.2015e-03 -5.7441e+00 0.0000e+00 -4.4934e+01
   91 3.0328e-03 -5.7983e+00 0.0000e+00 -4.6091e+01
   92 2.8739e-03 -5.8521e+00 0.0000e+00 -4.7259e+01
   93 2.7259e-03 -5.9050e+00 0.0000e+00 -4.8438e+01
   94 2.5896e-03 -5.9563e+00 0.0000e+00 -4.9628e+01
   95 2.4656e-03 -6.0053e+00 0.0000e+00 -5.0828e+01
   96 2.3548e-03 -6.0513e+00 0.0000e+00 -5.2039e+01
   97 2.2574e-03 -6.0935e+00 0.0000e+00 -5.3260e+01
   98 2.1739e-03 -6.1312e+00 0.0000e+00 -5.4491e+01
   99 2.1043e-03 -6.1638e+00 0.0000e+00 -5.5733e+01
  100 2.0485e-03 -6.1907e+00 0.0000e+00 -5.6984e+01
  101 2.0063e-03 -6.2115e+00 0.0000e+00 -5.8246e+01
  102 1.9771e-03 -6.2261e+00 0.0000e+00 -5.9517e+01
  103 1.9605e-03 -6.2345e+00 0.0000e+00 -6.0798e+01
  104 1.9556e-03 -6.2370e+00 0.0000e+00 -6.2089e+01
  105 1.9616e-03 -6.2340e+00 0.0000e+00 -6.3390e+01
  106 1.9773e-03 -6.2260e+00 0.0000e+00 -6.4699e+01
  107 2.0017e-03 -6.2137e+00 0.0000e+00 -6.6019e+01
  108 2.0338e-03 -6.1979e+00 0.0000e+00 -6.7347e+01
  109 2.0723e-03 -6.1791e+00 0.0000e+00 -6.8685e+01
  110 2.1160e-03 -6.1582e+00 0.0000e+00 -7.0032e+01
  111 2.1638e-03 -6.1359e+00 0.0000e+00 -7.1388e+01
  112 2.2147e-03 -6.1126e+00 0.0000e+00 -7.2753e+01
  113 2.2675e-03 -6.0891e+00 0.0000e+00 -7.4126e+01
  114 2.3214e-03 -6.0656e+00 0.0000e+00 -7.5509e+01
  115 2.3754e-03 -6.0426e+00 0.0000e+00 -7.6900e+01
  116 2.4287e-03 -6.0204e+00 0.0000e+00 -7.8300e+01
  117 2.4808e-03 -5.9992e+00 0.0000e+00 -7.9709e+01
  118 2.5310e-03 -5.9791e+00 0.0000e+00 -8.1126e+01
  119 2.5789e-03 -5.9604e+00 0.0000e+00 -8.2551e+01
  120 2.6242e-03 -5.9430e+00 0.0000e+00 -8.3985e+01
  121 2.6665e-03 -5.9270e+00 0.0000e+00 -8.5427e+01
  122 2.7057e-03 -5.9124e+00 0.0000e+00 -8.6878e+01
  123 2.7418e-03 -5.8991e+00 0.0000e+00 -8.8336e+01
  124 2.7746e-03 -5.8872e+00 0.0000e+00 -8.9803e+01
  125 2.8043e-03 -5.8766e+00 0.0000e+00 -9.1278e+01
  126 2.8309e-03 -5.8672e+00 0.0000e+00 -9.2761e+01
  127 2.8545e-03 -5.8589e+00 0.0000e+00 -9.4251e+01
  128 2.8753e-03 -5.8516e+00 0.0000e+00 -9.5750e+01
  129 2.8933e-03 -5.8453e+00 0.0000e+00 -9.7256e+01
  130 2.9088e-03 -5.8400e+00 0.0000e+00 -9.8770e+01
  131 2.9219e-03 -5.8355e+00 0.0000e+00 -1.0029e+02
  132 2.9327e-03 -5.8318e+00 0.0000e+00 -1.0182e+02
  133 2.9414e-03 -5.8289e+00 0.0000e+00 -1.0336e+02
  134 2.9479e-03 -5.8267e+00 0.0000e+00 -1.0490e+02
  135 2.9524e-03 -5.8251e+00 0.0000e+00 -1.0645e+02
  136 2.9548e-03 -5.8243e+00 0.0000e+00 -1.0801e+02
  137 2.9553e-03 -5.8242e+00 0.0000e+00 -1.0958e+02
  138 2.9537e-03 -5.8247e+00 0.0000e+00 -1.1115e+02
  139 2.9500e-03 -5.8260e+00 0.0000e+00 -1.1273e+02
  140 2.9441e-03 -5.8280e+00 0.0000e+00 -1.1432e+02
  141 2.9359e-03 -5.8307e+00 0.0000e+00 -1.1592e+02
  142 2.9253e-03 -5.8344e+00 0.0000e+00 -1.1752e+02
  143 2.9122e-03 -5.8388e+00 0.0000e+00 -1.1913e+02
  144 2.8965e-03 -5.8442e+00 0.0000e+00 -1.2074e+02
  145 2.8781e-03 -5.8506e+00 0.0000e+00 -1.2237e+02
  146 2.8567e-03 -5.8581e+00 0.0000e+00 -1.2400e+02
  147 2.8324e-03 -5.8666e+00 0.0000e+00 -1.2563e+02
  148 2.8050e-03 -5.8764e+00 0.0000e+00 -1.2728e+02
  149 2.7744e-03 -5.8873e+00 0.0000e+00 -1.2893e+02
  150 2.7406e-03 -5.8996e+00 0.0000e+00 -1.3058e+02
  151 2.7036e-03 -5.9132e+00 0.0000e+00 -1.3225e+02
  152 2.6633e-03 -5.9282e+00 0.0000e+00 -1.3392e+02
  153 2.6198e-03 -5.9447e+00 0.0000e+00 -1.3560e+02
  154 2.5731e-03 -5.9626e+00 0.0000e+00 -1.3728e+02
  155 2.5234e-03 -5.9822e+00 0.0000e+00 -1.3897e+02
  156 2.4706e-03 -6.0033e+00 0.0000e+00 -1.4066e+02
  157 2.4150e-03 -6.0261e+00 0.0000e+00 -1.4237e+02
  158 2.3567e-03 -6.0505e+00 0.0000e+00 -1.4408e+02
  159 2.2959e-03 -6.0766e+00 0.0000e+00 -1.4579e+02
  160 2.2328e-03 -6.1045e+00 0.0000e+00 -1.4751e+02
  161 2.1676e-03 -6.1341e+00 0.0000e+00 -1.4924e+02
  162 2.1006e-03 -6.1655e+00 0.0000e+00 -1.5098e+02
  163 2.0320e-03 -6.1987e+00 0.0000e+00 -1.5272e+02
  164 1.9621e-03 -6.2337e+00 0.0000e+00 -1.5446e+02
  165 1.8911e-03 -6.2706e+00 0.0000e+00 -1.5621e+02
  166 1.8194e-03 -6.3093e+00 0.0000e+00 -1.5797e+02
  167 1.7471e-03 -6.3498e+00 0.0000e+00 -1.5974e+02
  168 1.6747e-03 -6.3921e+00 0.0000e+00 -1.6151e+02
  169 1.6022e-03 -6.4364e+00 0.0000e+00 -1.6328e+02
  170 1.5301e-03 -6.4824e+00 0.0000e+00 -1.6507e+02
  171 1.4584e-03 -6.5304e+00 0.0000e+00 -1.6685e+02
  172 1.3876e-03 -6.5802e+00 0.0000e+00 -1.6865e+02
  173 1.3178e-03 -6.6318e+00 0.0000e+00 -1.7045e+02
  174 1.2491e-03 -6.6853e+00 0.0000e+00 -1.7225e+02
  175 1.1819e-03 -6.7407e+00 0.0000e+00 -1.7406e+02
  176 1.1162e-03 -6.7978e+00 0.0000e+00 -1.7588e+02
  177 1.0523e-03 -6.8568e+00 0.0000e+00 -1.7770e+02
  178 9.9017e-04 -6.9176e+00 0.0000e+00 -1.7953e+02
  179 9.3007e-04 -6.9802e+00 0.0000e+00 -1.8137e+02
  180 8.7206e-04 -7.0447e+00 0.0000e+00 -1.8320e+02
  181 8.1622e-04 -7.1108e+00 0.0000e+00 -1.8505e+02
  182 7.6261e-04 -7.1788e+00 0.0000e+00 -1.8690e+02
  183 7.1130e-04 -7.2484e+00 0.0000e+00 -1.8876e+02
  184 6.6231e-04 -7.3198e+00 0.0000e+00 -1.9062e+02
  185 6.1567e-04 -7.3928e+00 0.0000e+00 -1.9248e+02
  186 5.7137e-04 -7.4675e+00 0.0000e+00 -1.9436e+02
  187 5.2943e-04 -7.5437e+00 0.0000e+00 -1.9623e+02
  188 4.8981e-04 -7.6215e+00 0.0000e+00 -1.9812e+02
  189 4.5250e-04 -7.7007e+00 0.0000e+00 -2.0000e+02
  190 4.1745e-04 -7.7814e+00 0.0000e+00 -2.0190e+02
  191 3.8462e-04 -7.8633e+00 0.0000e+00 -2.0380e+02
  192 3.5395e-04 -7.9463e+00 0.0000e+00 -2.0570e+02
  193 3.2540e-04 -8.0304e+00 0.0000e+00 -2.0761e+02
  194 2.9890e-04 -8.1154e+00 0.0000e+00 -2.0952e+02
  195 2.7438e-04 -8.2010e+00 0.0000e+00 -2.1144e+02
  196 2.5178e-04 -8.2870e+00 0.0000e+00 -2.1337e+02
  197 2.3102e-04 -8.3730e+00 0.0000e+00 -2.1530e+02
  198 2.1203e-04 -8.4588e+00 0.0000e+00 -2.1723e+02
  199 1.9474e-04 -8.5438e+00 0.0000e+00 -2.1917e+02
  200 1.7909e-04 -8.6276e+00 0.0000e+00 -2.2112e+02
  201 1.6499e-04 -8.7096e+00 0.0000e+00 -2.2307e+02
  202 1.5238e-04 -8.7891e+00 0.0000e+00 -2.2502e+02
  203 1.4120e-04 -8.8653e+00 0.0000e+00 -2.2698e+02
  204 1.3137e-04 -8.9375e+00 0.0000e+00 -2.2894e+02
  205 1.2284e-04 -9.0046e+00 0.0000e+00 -2.3091e+02
  206 1.1555e-04 -9.0658e+00 0.0000e+00 -2.3289e+02
  207 1.0943e-04 -9.1202e+00 0.0000e+00 -2.3487e+02
  208 1.0444e-04 -9.1669e+00 0.0000e+00 -2.3685e+02
  209 1.0052e-04 -9.2051e+00 0.0000e+00 -2.3884e+02
  210 9.7632e-05 -9.2343e+00 0.0000e+00 -2.4083e+02
  211 9.5723e-05 -9.2541e+00 0.0000e+00 -2.4283e+02
  212 9.4753e-05 -9.2642e+00 0.0000e+00 -2.4483e+02
  213 9.4683e-05 -9.2650e+00 0.0000e+00 -2.4684e+02
  214 9.5477e-05 -9.2566e+00 0.0000e+00 -2.4886e+02
  215 9.7101e-05 -9.2398e+00 0.0000e+00 -2.5087e+02
  216 9.9524e-05 -9.2151e+00 0.0000e+00 -2.5289e+02
  217 1.0272e-04 -9.1835e+00 0.0000e+00 -2.5492e+02
  218 1.0665e-04 -9.1460e+00 0.0000e+00 -2.5695e+02
  219 1.1130e-04 -9.1033e+00 0.0000e+00 -2.5899e+02
  220 1.1663e-04 -9.0565e+00 0.0000e+00 -2.6103e+02
  221 1.2264e-04 -9.0062e+00 0.0000e+00 -2.6307e+02
  222 1.2929e-04 -8.9534e+00 0.0000e+00 -2.6512e+02
  223 1.3657e-04 -8.8987e+00 0.0000e+00 -2.6717e+02
  224 1.4444e-04 -8.8426e+00 0.0000e+00 -2.6923e+02
  225 1.5290e-04 -8.7857e+00 0.0000e+00 -2.7129e+02
  226 1.6192e-04 -8.7284e+00 0.0000e+00 -2.7336e+02
  227 1.7148e-04 -8.6710e+00 0.0000e+00 -2.7543e+02
  228 1.8156e-04 -8.6139e+00 0.0000e+00 -2.7751e+02
  229 1.9214e-04 -8.5573e+00 0.0000e+00 -2.7959e+02
  230 2.0319e-04 -8.5014e+00 0.0000e+00 -2.8167e+02
  231 2.1470e-04 -8.4463e+00 0.0000e+00 -2.8376e+02
  232 2.2664e-04 -8.3922e+00 0.0000e+00 -2.8585e+02
  233 2.3898e-04 -8.3391e+00 0.0000e+00 -2.8795e+02
  234 2.5171e-04 -8.2872e+00 0.0000e+00 -2.9005e+02
  235 2.6480e-04 -8.2366e+00 0.0000e+00 -2.9216e+02
  236 2.7821e-04 -8.1871e+00 0.0000e+00 -2.9427e+02
  237 2.9192e-04 -8.1390e+00 0.0000e+00 -2.9638e+02
  238 3.0591e-04 -8.0922e+00 0.0000e+00 -2.9850e+02
  239 3.2014e-04 -8.0467e+00 0.0000e+00 -3.0063e+02
  240 3.3459e-04 -8.0026e+00 0.0000e+00 -3.0275e+02
  241 3.4921e-04 -7.9598e+00 0.0000e+00 -3.0488e+02
  242 3.6398e-04 -7.9184e+00 0.0000e+00 -3.0702e+02
  243 3.7887e-04 -7.8783e+00 0.0000e+00 -3.0916e+02
  244 3.9384e-04 -7.8396e+00 0.0000e+00 -3.1130e+02
  245 4.0886e-04 -7.8021e+00 0.0000e+00 -3.1345e+02
  246 4.2389e-04 -7.7660e+00 0.0000e+00 -3.1560e+02
  247 4.3889e-04 -7.7313e+00 0.0000e+00 -3.1776e+02
  248 4.5383e-04 -7.6978e+00 0.0000e+00 -3.1992e+02
  249 4.6868e-04 -7.6656e+00 0.0000e+00 -3.2208e+02
  250 4.8340e-04 -7.6347e+00 0.0000e+00 -3.2425e+02
  251 4.9795e-04 -7.6050e+00 0.0000e+00 -3.2642e+02
  252 5.1230e-04 -7.5766e+00 0.0000e+00 -3.2860e+02
  253 5.2642e-04 -7.5494e+00 0.0000e+00 -3.3078e+02
  254 5.4026e-04 -7.5235e+00 0.0000e+00 -3.3296e+02
  255 5.5380e-04 -7.4987e+00 0.0000e+00 -3.3515e+02
  256 5.6700e-04 -7.4752e+00 0.0000e+00 -3.3734e+02
  257 5.7983e-04 -7.4528e+00 0.0000e+00 -3.3954e+02
  258 5.9226e-04 -7.4316e+00 0.0000e+00 -3.4173e+02
  259 6.0425e-04 -7.4115e+00 0.0000e+00 -3.4394e+02
  260 6.1579e-04 -7.3926e+00 0.0000e+00 -3.4614e+02
  261 6.2685e-04 -7.3748e+00 0.0000e+00 -3.4836e+02
  262 6.3739e-04 -7.3581e+00 0.0000e+00 -3.5057e+02
  263 6.4739e-04 -7.3426e+00 0.0000e+00 -3.5279e+02
  264 6.5683e-04 -7.3281e+00 0.0000e+00 -3.5501e+02
  265 6.6570e-04 -7.3147e+00 0.0000e+00 -3.5724e+02
  266 6.7397e-04 -7.3023e+00 0.0000e+00 -3.5947e+02
  267 6.8162e-04 -7.2910e+00 0.0000e+00 -3.6170e+02
  268 6.8864e-04 -7.2808e+00 0.0000e+00 -3.6394e+02
  269 6.9502e-04 -7.2716e+00 0.0000e+00 -3.6618e+02
  270 7.0074e-04 -7.2634e+00 0.0000e+00 -3.6842e+02
  271 7.0580e-04 -7.2562e+00 0.0000e+00 -3.7067e+02
  272 7.1019e-04 -7.2500e+00 0.0000e+00 -3.7292e+02
  273 7.1390e-04 -7.2448e+00 0.0000e+00 -3.7518e+02
  274 7.1693e-04 -7.2405e+00 0.0000e+00 -3.7744e+02
  275 7.1927e-04 -7.2373e+00 0.0000e+00 -3.7970e+02
  276 7.2094e-04 -7.2350e+00 0.0000e+00 -3.8197e+02
  277 7.2193e-04 -7.2336e+00 0.0000e+00 -3.8424e+02
  278 7.2224e-04 -7.2332e+00 0.0000e+00 -3.8651e+02
  279 7.2188e-04 -7.2337e+00 0.0000e+00 -3.8879e+02
  280 7.2086e-04 -7.2351e+00 0.0000e+00 -3.9107e+02
  281 7.1919e-04 -7.2374e+00 0.0000e+00 -3.9336e+02
  282 7.1688e-04 -7.2406e+00 0.0000e+00 -3.9565e+02
  283 7.1394e-04 -7.2447e+00 0.0000e+00 -3.9794e+02
  284 7.1039e-04 -7.2497e+00 0.0000e+00 -4.0023e+02
  285 7.0623e-04 -7.2556e+00 0.0000e+00 -4.0253e+02
  286 7.0150e-04 -7.2623e+00 0.0000e+00 -4.0484e+02
  287 6.9620e-04 -7.2699e+00 0.0000e+00 -4.0714e+02
  288 6.9035e-04 -7.2783e+00 0.0000e+00 -4.0945e+02
  289 6.8398e-04 -7.2876e+00 0.0000e+00 -4.1176e+02
  290 6.7710e-04 -7.2977e+00 0.0000e+00 -4.1408e+02
  291 6.6974e-04 -7.3086e+00 0.0000e+00 -4.1640e+02
  292 6.6192e-04 -7.3204e+00 0.0000e+00 -4.1872e+02
  293 6.5365e-04 -7.3329e+00 0.0000e+00 -4.2105e+02
  294 6.4498e-04 -7.3463e+00 0.0000e+00 -4.2338e+02
  295 6.3591e-04 -7.3605e+00 0.0000e+00 -4.2571e+02
  296 6.2647e-04 -7.3754e+00 0.0000e+00 -4.2805e+02
  297 6.1669e-04 -7.3911e+00 0.0000e+00 -4.3039e+02
  298 6.0660e-04 -7.4076e+00 0.0000e+00 -4.3273e+02
  299 5.9621e-04 -7.4249e+00 0.0000e+00 -4.3508e+02
  300 5.8554e-04 -7.4430e+00 0.0000e+00 -4.3743e+02
  301 5.7464e-04 -7.4618e+00 0.0000e+00 -4.3978e+02
  302 5.6351e-04 -7.4813e+00 0.0000e+00 -4.4214e+02
  303 5.5219e-04 -7.5016e+00 0.0000e+00 -4.4450e+02
  304 5.4070e-04 -7.5226e+00 0.0000e+00 -4.4686e+02
  305 5.2906e-04 -7.5444e+00 0.0000e+00 -4.4923e+02
  306 5.1729e-04 -7.5669e+00 0.0000e+00 -4.5160e+02
  307 5.0542e-04 -7.5901e+00 0.0000e+00 -4.5397e+02
  308 4.9346e-04 -7.6141e+00 0.0000e+00 -4.5635e+02
  309 4.8145e-04 -7.6387e+00 0.0000e+00 -4.5873e+02
  310 4.6940e-04 -7.6641e+00 0.0000e+00 -4.6111e+02
  311 4.5733e-04 -7.6901e+00 0.0000e+00 -4.6350e+02
  312 4.4526e-04 -7.7169e+00 0.0000e+00 -4.6589e+02
  313 4.3320e-04 -7.7443e+00 0.0000e+00 -4.6828e+02
  314 4.2119e-04 -7.7724e+00 0.0000e+00 -4.7068e+02
  315 4.0923e-04 -7.8012e+00 0.0000e+00 -4.7308e+02
  316 3.9734e-04 -7.8307e+00 0.0000e+00 -4.7548e+02
  317 3.8554e-04 -7.8609e+00 0.0000e+00 -4.7788e+02
  318 3.7383e-04 -7.8917e+00 0.0000e+00 -4.8029e+02
  319 3.6224e-04 -7.9232e+00 0.0000e+00 -4.8270e+02
  320 3.5078e-04 -7.9553e+00 0.0000e+00 -4.8512e+02
  321 3.3946e-04 -7.9881e+00 0.0000e+00 -4.8754e+02
  322 3.2829e-04 -8.0216e+00 0.0000e+00 -4.8996e+02
  323 3.1729e-04 -8.0557e+00 0.0000e+00 -4.9238e+02
  324 3.0645e-04 -8.0905e+00 0.0000e+00 -4.9481e+02
  325 2.9580e-04 -8.1258e+00 0.0000e+00 -4.9724e+02
  326 2.8533e-04 -8.1619e+00 0.0000e+00 -4.9967e+02
  327 2.7506e-04 -8.1985e+00 0.0000e+00 -5.0211e+02
  328 2.6499e-04 -8.2358e+00 0.0000e+00 -5.0455e+02
  329 2.5513e-04 -8.2737e+00 0.0000e+00 -5.0699e+02
  330 2.4549e-04 -8.3123e+00 0.0000e+00 -5.0943e+02
  331 2.3606e-04 -8.3514e+00 0.0000e+00 -5.1188e+02
  332 2.2686e-04 -8.3912e+00 0.0000e+00 -5.1433e+02
  333 2.1788e-04 -8.4316e+00 0.0000e+00 -5.1679e+02
  334 2.0913e-04 -8.4726e+00 0.0000e+00 -5.1925e+02
  335 2.0061e-04 -8.5141e+00 0.0000e+00 -5.2171e+02
  336 1.9232e-04 -8.5564e+00 0.0000e+00 -5.2417e+02
  337 1.8426e-04 -8.5992e+00 0.0000e+00 -5.2664e+02
  338 1.7643e-04 -8.6426e+00 0.0000e+00 -5.2911e+02
  339 1.6884e-04 -8.6866e+00 0.0000e+00 -5.3158e+02
  340 1.6148e-04 -8.7312e+00 0.0000e+00 -5.3405e+02
  341 1.5434e-04 -8.7763e+00 0.0000e+00 -5.3653e+02
  342 1.4744e-04 -8.8221e+00 0.0000e+00 -5.3901e+02
  343 1.4076e-04 -8.8685e+00 0.0000e+00 -5.4150e+02
  344 1.3430e-04 -8.9154e+00 0.0000e+00 -5.4399e+02
  345 1.2807e-04 -8.9629e+00 0.0000e+00 -5.4648e+02
  346 1.2205e-04 -9.0110e+00 0.0000e+00 -5.4897e+02
  347 1.1625e-04 -9.0597e+00 0.0000e+00 -5.5146e+02
  348 1.1067e-04 -9.1090e+00 0.0000e+00 -5.5396e+02
  349 1.0529e-04 -9.1588e+00 0.0000e+00 -5.5646e+02
  350 1.0011e-04 -9.2092e+00 0.0000e+00 -5.5897e+02
  351 9.5136e-05 -9.2602e+00 0.0000e+00 -5.6148e+02
  352 9.0356e-05 -9.3118e+00 0.0000e+00 -5.6399e+02
  353 8.5768e-05 -9.3639e+00 0.0000e+00 -5.6650e+02
  354 8.1367e-05 -9.4165e+00 0.0000e+00 -5.6901e+02
  355 7.7147e-05 -9.4698e+00 0.0000e+00 -5.7153e+02
  356 7.3106e-05 -9.5236e+00 0.0000e+00 -5.7405e+02
  357 6.9237e-05 -9.5780e+00 0.0000e+00 -5.7658e+02
  358 6.5536e-05 -9.6329e+00 0.0000e+00 -5.7910e+02
  359 6.1999e-05 -9.6884e+00 0.0000e+00 -5.8163e+02
  360 5.8619e-05 -9.7444e+00 0.0000e+00 -5.8417e+02
  361 5.5393e-05 -9.8011e+00 0.0000e+00 -5.8670e+02
  362 5.2315e-05 -9.8582e+00 0.0000e+00 -5.8924e+02
  363 4.9381e-05 -9.9159e+00 0.0000e+00 -5.9178e+02
  364 4.6586e-05 -9.9742e+00 0.0000e+00 -5.9432e+02
  365 4.3924e-05 -1.0033e+01 0.0000e+00 -5.9687e+02
  366 4.1391e-05 -1.0092e+01 0.0000e+00 -5.9942e+02
  367 3.8983e-05 -1.0152e+01 0.0000e+00 -6.0197e+02
  368 3.6695e-05 -1.0213e+01 0.0000e+00 -6.0453e+02
  369 3.4522e-05 -1.0274e+01 0.0000e+00 -6.0708e+02
  370 3.2460e-05 -1.0336e+01 0.0000e+00 -6.0964e+02
  371 3.0504e-05 -1.0398e+01 0.0000e+00 -6.1221e+02
  372 2.8650e-05 -1.0460e+01 0.0000e+00 -6.1477e+02
  373 2.6894e-05 -1.0524e+01 0.0000e+00 -6.1734e+02
  374 2.5231e-05 -1.0587e+01 0.0000e+00 -6.1991e+02
  375 2.3658e-05 -1.0652e+01 0.0000e+00 -6.2248e+02
  376 2.2172e-05 -1.0717e+01 0.0000e+00 -6.2506e+02
  377 2.0767e-05 -1.0782e+01 0.0000e+00 -6.2764e+02
  378 1.9440e-05 -1.0848e+01 0.0000e+00 -6.3022e+02
  379 1.8188e-05 -1.0915e+01 0.0000e+00 -6.3280e+02
  380 1.7007e-05 -1.0982e+01 0.0000e+00 -6.3539e+02
  381 1.5894e-05 -1.1050e+01 0.0000e+00 -6.3798e+02
  382 1.4846e-05 -1.1118e+01 0.0000e+00 -6.4057e+02
  383 1.3859e-05 -1.1187e+01 0.0000e+00 -6.4316e+02
  384 1.2931e-05 -1.1256e+01 0.0000e+00 -6.4576e+02
  385 1.2058e-05 -1.1326e+01 0.0000e+00 -6.4836e+02
  386 1.1237e-05 -1.1396e+01 0.0000e+00 -6.5096e+02
  387 1.0467e-05 -1.1467e+01 0.0000e+00 -6.5357e+02
  388 9.7438e-06 -1.1539e+01 0.0000e+00 -6.5618e+02
  389 9.0656e-06 -1.1611e+01 0.0000e+00 -6.5879e+02
  390 8.4299e-06 -1.1684e+01 0.0000e+00 -6.6140e+02
  391 7.8343e-06 -1.1757e+01 0.0000e+00 -6.6401e+02
  392 7.2767e-06 -1.1831e+01 0.0000e+00 -6.6663e+02
  393 6.7549e-06 -1.1905e+01 0.0000e+00 -6.6925e+02
  394 6.2670e-06 -1.1980e+01 0.0000e+00 -6.7187e+02
  395 5.8110e-06 -1.2056e+01 0.0000e+00 -6.7450e+02
  396 5.3851e-06 -1.2132e+01 0.0000e+00 -6.7713e+02
  397 4.9875e-06 -1.2209e+01 0.0000e+00 -6.7976e+02
  398 4.6167e-06 -1.2286e+01 0.0000e+00 -6.8239e+02
  399 4.2709e-06 -1.2364e+01 0.0000e+00 -6.8503e+02
  400 3.9487e-06 -1.2442e+01 0.0000e+00 -6.8766e+02
  401 3.6487e-06 -1.2521e+01 0.0000e+00 -6.9030e+02
  402 3.3695e-06 -1.2601e+01 0.0000e+00 -6.9295e+02
  403 3.1099e-06 -1.2681e+01 0.0000e+00 -6.9559e+02
  404 2.8685e-06 -1.2762e+01 0.0000e+00 -6.9824e+02
  405 2.6443e-06 -1.2843e+01 0.0000e+00 -7.0089e+02
  406 2.4362e-06 -1.2925e+01 0.0000e+00 -7.0354e+02
  407 2.2431e-06 -1.3008e+01 0.0000e+00 -7.0620e+02
  408 2.0641e-06 -1.3091e+01 0.0000e+00 -7.0886e+02
  409 1.8982e-06 -1.3175e+01 0.0000e+00 -7.1152e+02
  410 1.7445e-06 -1.3259e+01 0.0000e+00 -7.1418e+02
  411 1.6024e-06 -1.3344e+01 0.0000e+00 -7.1684e+02
  412 1.4709e-06 -1.3430e+01 0.0000e+00 -7.1951e+02
  413 1.3493e-06 -1.3516e+01 0.0000e+00 -7.2218e+02
  414 1.2370e-06 -1.3603e+01 0.0000e+00 -7.2485e+02
  415 1.1334e-06 -1.3690e+01 0.0000e+00 -7.2753e+02
  416 1.0377e-06 -1.3778e+01 0.0000e+00 -7.3020e+02
  417 9.4958e-07 -1.3867e+01 0.0000e+00 -7.3288e+02
  418 8.6834e-07 -1.3957e+01 0.0000e+00 -7.3557e+02
  419 7.9354e-07 -1.4047e+01 0.0000e+00 -7.3825e+02
  420 7.2471e-07 -1.4137e+01 0.0000e+00 -7.4094e+02
  421 6.6141e-07 -1.4229e+01 0.0000e+00 -7.4363e+02
  422 6.0324e-07 -1.4321e+01 0.0000e+00 -7.4632e+02
  423 5.4982e-07 -1.4414e+01 0.0000e+00 -7.4901e+02
  424 5.0079e-07 -1.4507e+01 0.0000e+00 -7.5171e+02
  425 4.5582e-07 -1.4601e+01 0.0000e+00 -7.5441e+02
  426 4.1460e-07 -1.4696e+01 0.0000e+00 -7.5711e+02
  427 3.7685e-07 -1.4791e+01 0.0000e+00 -7.5981e+02
  428 3.4230e-07 -1.4888e+01 0.0000e+00 -7.6252e+02
  429 3.1069e-07 -1.4984e+01 0.0000e+00 -7.6522e+02
  430 2.8181e-07 -1.5082e+01 0.0000e+00 -7.6793e+02
  431 2.5542e-07 -1.5180e+01 0.0000e+00 -7.7065e+02
  432 2.3134e-07 -1.5279e+01 0.0000e+00 -7.7336e+02
  433 2.0937e-07 -1.5379e+01 0.0000e+00 -7.7608e+02
  434 1.8935e-07 -1.5480e+01 0.0000e+00 -7.7880e+02
  435 1.7111e-07 -1.5581e+01 0.0000e+00 -7.8152e+02
  436 1.5452e-07 -1.5683e+01 0.0000e+00 -7.8424e+02
  437 1.3942e-07 -1.5786e+01 0.0000e+00 -7.8697e+02
  438 1.2571e-07 -1.5889e+01 0.0000e+00 -7.8970e+02
  439 1.1325e-07 -1.5994e+01 0.0000e+00 -7.9243e+02
  440 1.0195e-07 -1.6099e+01 0.0000e+00 -7.9516e+02
  441 9.1699e-08 -1.6205e+01 0.0000e+00 -7.9790e+02
  442 8.2414e-08 -1.6312e+01 0.0000e+00 -8.0064e+02
  443 7.4008e-08 -1.6419e+01 0.0000e+00 -8.0338e+02
  444 6.6404e-08 -1.6528e+01 0.0000e+00 -8.0612e+02
  445 5.9532e-08 -1.6637e+01 0.0000e+00 -8.0886e+02
  446 5.3324e-08 -1.6747e+01 0.0000e+00 -8.1161e+02
  447 4.7723e-08 -1.6858e+01 0.0000e+00 -8.1436e+02
  448 4.2673e-08 -1.6970e+01 0.0000e+00 -8.1711e+02
  449 3.8123e-08 -1.7082e+01 0.0000e+00 -8.1986e+02
  450 3.4027e-08 -1.7196e+01 0.0000e+00 -8.2262e+02
  451 3.0344e-08 -1.7311e+01 0.0000e+00 -8.2538e+02
  452 2.7034e-08 -1.7426e+01 0.0000e+00 -8.2814e+02
  453 2.4062e-08 -1.7543e+01 0.0000e+00 -8.3090e+02
  454 2.1397e-08 -1.7660e+01 0.0000e+00 -8.3366e+02
  455 1.9008e-08 -1.7778e+01 0.0000e+00 -8.3643e+02
  456 1.6869e-08 -1.7898e+01 0.0000e+00 -8.3920e+02
  457 1.4956e-08 -1.8018e+01 0.0000e+00 -8.4197e+02
  458 1.3246e-08 -1.8140e+01 0.0000e+00 -8.4474e+02
  459 1.1719e-08 -1.8262e+01 0.0000e+00 -8.4752e+02
  460 1.0358e-08 -1.8386e+01 0.0000e+00 -8.5030e+02
  461 9.1444e-09 -1.8510e+01 0.0000e+00 -8.5308e+02
  462 8.0645e-09 -1.8636e+01 0.0000e+00 -8.5586e+02
  463 7.1042e-09 -1.8763e+01 0.0000e+00 -8.5864e+02
  464 6.2512e-09 -1.8890e+01 0.0000e+00 -8.6143e+02
  465 5.4943e-09 -1.9020e+01 0.0000e+00 -8.6422e+02
  466 4.8234e-09 -1.9150e+01 0.0000e+00 -8.6701e+02
  467 4.2294e-09 -1.9281e+01 0.0000e+00 -8.6980e+02
  468 3.7041e-09 -1.9414e+01 0.0000e+00 -8.7259e+02
  469 3.2401e-09 -1.9548e+01 0.0000e+00 -8.7539e+02
  470 2.8307e-09 -1.9683e+01 0.0000e+00 -8.7819e+02
  471 2.4699e-09 -1.9819e+01 0.0000e+00 -8.8099e+02
  472 2.1523e-09 -1.9957e+01 0.0000e+00 -8.8379e+02
  473 1.8731e-09 -2.0096e+01 0.0000e+00 -8.8660e+02
  474 1.6280e-09 -2.0236e+01 0.0000e+00 -8.8941e+02
  475 1.4131e-09 -2.0377e+01 0.0000e+00 -8.9222e+02
  476 1.2249e-09 -2.0520e+01 0.0000e+00 -8.9503e+02
  477 1.0603e-09 -2.0665e+01 0.0000e+00 -8.9784e+02
  478 9.1650e-10 -2.0810e+01 0.0000e+00 -9.0066e+02
  479 7.9112e-10 -2.0958e+01 0.0000e+00 -9.0348e+02
  480 6.8191e-10 -2.1106e+01 0.0000e+00 -9.0630e+02
  481 5.8693e-10 -2.1256e+01 0.0000e+00 -9.0912e+02
  482 5.0444e-10 -2.1408e+01 0.0000e+00 -9.1194e+02
  483 4.3290e-10 -2.1561e+01 0.0000e+00 -9.1477e+02
  484 3.7096e-10 -2.1715e+01 0.0000e+00 -9.1760e+02
  485 3.1739e-10 -2.1871e+01 0.0000e+00 -9.2043e+02
  486 2.7115e-10 -2.2028e+01 0.0000e+00 -9.2326e+02
  487 2.3129e-10 -2.2187e+01 0.0000e+00 -9.2610e+02
  488 1.9698e-10 -2.2348e+01 0.0000e+00 -9.2893e+02
  489 1.6750e-10 -2.2510e+01 0.0000e+00 -9.3177e+02
  490 1.4220e-10 -2.2674e+01 0.0000e+00 -9.3461e+02
  491 1.2054e-10 -2.2839e+01 0.0000e+00 -9.3746e+02
  492 1.0201e-10 -2.3006e+01 0.0000e+00 -9.4030e+02
  493 8.6184e-11 -2.3175e+01 0.0000e+00 -9.4315e+02
  494 7.2698e-11 -2.3345e+01 0.0000e+00 -9.4600e+02
  495 6.1221e-11 -2.3517e+01 0.0000e+00 -9.4885e+02
  496 5.1471e-11 -2.3690e+01 0.0000e+00 -9.5170e+02
  497 4.3201e-11 -2.3865e+01 0.0000e+00 -9.5456e+02
  498 3.6200e-11 -2.4042e+01 0.0000e+00 -9.5741e+02
  499 3.0282e-11 -2.4220e+01 0.0000e+00 -9.6027e+02

Total probability: 1.00000
