*** SIMULATED BIN SIZE PROBABILITIES ***
Number of fragments: 279352791
Fragment length: 10
Number of clusters: 4
Number of bins: 1048576
Average bin size: 266.41
Clusters: STAN#ILVM#KRDEQ#WFYHGPC

Cluster probabilities
  0      1      2      3    
0.2496 0.2426 0.2617 0.2461 

    k     P(X=k) log P(X=k)        Pav    log Pav
    0 0.0000e+00 -Inf       0.0000e+00 -2.6641e+02
    1 0.0000e+00 -Inf       0.0000e+00 -2.6083e+02
    2 0.0000e+00 -Inf       0.0000e+00 -2.5593e+02
    3 0.0000e+00 -Inf       0.0000e+00 -2.5145e+02
    4 0.0000e+00 -Inf       0.0000e+00 -2.4725e+02
    5 0.0000e+00 -Inf       0.0000e+00 -2.4327e+02
    6 0.0000e+00 -Inf       0.0000e+00 -2.3948e+02
    7 0.0000e+00 -Inf       0.0000e+00 -2.3584e+02
    8 0.0000e+00 -Inf       0.0000e+00 -2.3234e+02
    9 0.0000e+00 -Inf       0.0000e+00 -2.2895e+02
   10 0.0000e+00 -Inf       0.0000e+00 -2.2567e+02
   11 0.0000e+00 -Inf       0.0000e+00 -2.2248e+02
   12 0.0000e+00 -Inf       0.0000e+00 -2.1938e+02
   13 0.0000e+00 -Inf       0.0000e+00 -2.1636e+02
   14 0.0000e+00 -Inf       0.0000e+00 -2.1341e+02
   15 0.0000e+00 -Inf       0.0000e+00 -2.1054e+02
   16 0.0000e+00 -Inf       0.0000e+00 -2.0772e+02
   17 0.0000e+00 -Inf       0.0000e+00 -2.0497e+02
   18 0.0000e+00 -Inf       0.0000e+00 -2.0228e+02
   19 0.0000e+00 -Inf       0.0000e+00 -1.9964e+02
   20 0.0000e+00 -Inf       0.0000e+00 -1.9705e+02
   21 0.0000e+00 -Inf       0.0000e+00 -1.9451e+02
   22 0.0000e+00 -Inf       0.0000e+00 -1.9201e+02
   23 0.0000e+00 -Inf       0.0000e+00 -1.8956e+02
   24 0.0000e+00 -Inf       0.0000e+00 -1.8716e+02
   25 0.0000e+00 -Inf       0.0000e+00 -1.8479e+02
   26 0.0000e+00 -Inf       0.0000e+00 -1.8246e+02
   27 0.0000e+00 -Inf       0.0000e+00 -1.8017e+02
   28 0.0000e+00 -Inf       0.0000e+00 -1.7792e+02
   29 0.0000e+00 -Inf       0.0000e+00 -1.7570e+02
   30 0.0000e+00 -Inf       0.0000e+00 -1.7352e+02
   31 0.0000e+00 -Inf       0.0000e+00 -1.7137e+02
   32 0.0000e+00 -Inf       0.0000e+00 -1.6925e+02
   33 0.0000e+00 -Inf       0.0000e+00 -1.6716e+02
   34 0.0000e+00 -Inf       0.0000e+00 -1.6510e+02
   35 0.0000e+00 -Inf       0.0000e+00 -1.6307e+02
   36 0.0000e+00 -Inf       0.0000e+00 -1.6107e+02
   37 0.0000e+00 -Inf       0.0000e+00 -1.5910e+02
   38 0.0000e+00 -Inf       0.0000e+00 -1.5715e+02
   39 0.0000e+00 -Inf       0.0000e+00 -1.5523e+02
   40 0.0000e+00 -Inf       0.0000e+00 -1.5333e+02
   41 0.0000e+00 -Inf       0.0000e+00 -1.5146e+02
   42 0.0000e+00 -Inf       0.0000e+00 -1.4961e+02
   43 0.0000e+00 -Inf       0.0000e+00 -1.4779e+02
   44 0.0000e+00 -Inf       0.0000e+00 -1.4599e+02
   45 0.0000e+00 -Inf       0.0000e+00 -1.4421e+02
   46 0.0000e+00 -Inf       0.0000e+00 -1.4245e+02
   47 0.0000e+00 -Inf       0.0000e+00 -1.4072e+02
   48 0.0000e+00 -Inf       0.0000e+00 -1.3900e+02
   49 0.0000e+00 -Inf       0.0000e+00 -1.3731e+02
   50 0.0000e+00 -Inf       0.0000e+00 -1.3564e+02
   51 0.0000e+00 -Inf       0.0000e+00 -1.3398e+02
   52 0.0000e+00 -Inf       0.0000e+00 -1.3235e+02
   53 0.0000e+00 -Inf       0.0000e+00 -1.3074e+02
   54 0.0000e+00 -Inf       0.0000e+00 -1.2914e+02
   55 0.0000e+00 -Inf       0.0000e+00 -1.2756e+02
   56 0.0000e+00 -Inf       0.0000e+00 -1.2600e+02
   57 0.0000e+00 -Inf       0.0000e+00 -1.2446e+02
   58 0.0000e+00 -Inf       0.0000e+00 -1.2294e+02
   59 0.0000e+00 -Inf       0.0000e+00 -1.2143e+02
   60 0.0000e+00 -Inf       0.0000e+00 -1.1994e+02
   61 0.0000e+00 -Inf       0.0000e+00 -1.1846e+02
   62 0.0000e+00 -Inf       0.0000e+00 -1.1701e+02
   63 0.0000e+00 -Inf       0.0000e+00 -1.1556e+02
   64 0.0000e+00 -Inf       0.0000e+00 -1.1414e+02
   65 0.0000e+00 -Inf       0.0000e+00 -1.1273e+02
   66 0.0000e+00 -Inf       0.0000e+00 -1.1133e+02
   67 0.0000e+00 -Inf       0.0000e+00 -1.0995e+02
   68 0.0000e+00 -Inf       0.0000e+00 -1.0859e+02
   69 0.0000e+00 -Inf       0.0000e+00 -1.0723e+02
   70 0.0000e+00 -Inf       0.0000e+00 -1.0590e+02
   71 0.0000e+00 -Inf       0.0000e+00 -1.0458e+02
   72 0.0000e+00 -Inf       0.0000e+00 -1.0327e+02
   73 0.0000e+00 -Inf       0.0000e+00 -1.0197e+02
   74 0.0000e+00 -Inf       0.0000e+00 -1.0069e+02
   75 0.0000e+00 -Inf       0.0000e+00 -9.9424e+01
   76 0.0000e+00 -Inf       0.0000e+00 -9.8169e+01
   77 0.0000e+00 -Inf       0.0000e+00 -9.6928e+01
   78 0.0000e+00 -Inf       0.0000e+00 -9.5700e+01
   79 0.0000e+00 -Inf       0.0000e+00 -9.4484e+01
   80 0.0000e+00 -Inf       0.0000e+00 -9.3281e+01
   81 0.0000e+00 -Inf       0.0000e+00 -9.2091e+01
   82 0.0000e+00 -Inf       0.0000e+00 -9.0912e+01
   83 0.0000e+00 -Inf       0.0000e+00 -8.9746e+01
   84 0.0000e+00 -Inf       0.0000e+00 -8.8592e+01
   85 0.0000e+00 -Inf       0.0000e+00 -8.7450e+01
   86 0.0000e+00 -Inf       0.0000e+00 -8.6319e+01
   87 0.0000e+00 -Inf       0.0000e+00 -8.5200e+01
   88 0.0000e+00 -Inf       0.0000e+00 -8.4092e+01
   89 0.0000e+00 -Inf       0.0000e+00 -8.2996e+01
   90 0.0000e+00 -Inf       0.0000e+00 -8.1910e+01
   91 0.0000e+00 -Inf       0.0000e+00 -8.0836e+01
   92 1.8453e-23 -5.2347e+01 0.0000e+00 -7.9773e+01
   93 3.9108e-23 -5.1596e+01 0.0000e+00 -7.8721e+01
   94 2.6328e-22 -4.9689e+01 0.0000e+00 -7.7679e+01
   95 5.5174e-22 -4.8949e+01 0.0000e+00 -7.6648e+01
   96 2.1087e-21 -4.7608e+01 0.0000e+00 -7.5627e+01
   97 4.3662e-21 -4.6880e+01 0.0000e+00 -7.4617e+01
   98 1.2433e-20 -4.5834e+01 0.0000e+00 -7.3617e+01
   99 2.5403e-20 -4.5119e+01 0.0000e+00 -7.2627e+01
  100 6.0833e-20 -4.4246e+01 0.0000e+00 -7.1647e+01
  101 1.2249e-19 -4.3546e+01 0.0000e+00 -7.0677e+01
  102 2.6443e-19 -4.2777e+01 0.0000e+00 -6.9717e+01
  103 5.2426e-19 -4.2092e+01 0.0000e+00 -6.8766e+01
  104 1.0643e-18 -4.1384e+01 0.0000e+00 -6.7826e+01
  105 2.0758e-18 -4.0716e+01 0.0000e+00 -6.6895e+01
  106 4.0586e-18 -4.0046e+01 0.0000e+00 -6.5973e+01
  107 7.7844e-18 -3.9394e+01 0.0000e+00 -6.5061e+01
  108 1.4785e-17 -3.8753e+01 0.0000e+00 -6.4158e+01
  109 2.7978e-17 -3.8115e+01 0.0000e+00 -6.3264e+01
  110 5.2246e-17 -3.7491e+01 0.0000e+00 -6.2380e+01
  111 9.6864e-17 -3.6873e+01 0.0000e+00 -6.1504e+01
  112 1.7796e-16 -3.6265e+01 0.0000e+00 -6.0638e+01
  113 3.2420e-16 -3.5665e+01 0.0000e+00 -5.9780e+01
  114 5.8577e-16 -3.5074e+01 0.0000e+00 -5.8931e+01
  115 1.0496e-15 -3.4490e+01 0.0000e+00 -5.8091e+01
  116 1.8659e-15 -3.3915e+01 0.0000e+00 -5.7260e+01
  117 3.2903e-15 -3.3348e+01 0.0000e+00 -5.6437e+01
  118 5.7565e-15 -3.2788e+01 0.0000e+00 -5.5622e+01
  119 9.9933e-15 -3.2237e+01 0.0000e+00 -5.4816e+01
  120 1.7214e-14 -3.1693e+01 0.0000e+00 -5.4019e+01
  121 2.9427e-14 -3.1157e+01 0.0000e+00 -5.3230e+01
  122 4.9925e-14 -3.0628e+01 0.0000e+00 -5.2449e+01
  123 8.4067e-14 -3.0107e+01 0.0000e+00 -5.1676e+01
  124 1.4051e-13 -2.9593e+01 0.0000e+00 -5.0911e+01
  125 2.3314e-13 -2.9087e+01 0.0000e+00 -5.0154e+01
  126 3.8401e-13 -2.8588e+01 0.0000e+00 -4.9405e+01
  127 6.2799e-13 -2.8096e+01 0.0000e+00 -4.8665e+01
  128 1.0197e-12 -2.7612e+01 0.0000e+00 -4.7932e+01
  129 1.6440e-12 -2.7134e+01 0.0000e+00 -4.7206e+01
  130 2.6321e-12 -2.6663e+01 0.0000e+00 -4.6489e+01
  131 4.1850e-12 -2.6200e+01 0.0000e+00 -4.5779e+01
  132 6.6085e-12 -2.5743e+01 0.0000e+00 -4.5077e+01
  133 1.0365e-11 -2.5293e+01 0.0000e+00 -4.4382e+01
  134 1.6147e-11 -2.4849e+01 0.0000e+00 -4.3695e+01
  135 2.4989e-11 -2.4413e+01 0.0000e+00 -4.3015e+01
  136 3.8417e-11 -2.3983e+01 0.0000e+00 -4.2343e+01
  137 5.8676e-11 -2.3559e+01 0.0000e+00 -4.1678e+01
  138 8.9041e-11 -2.3142e+01 0.0000e+00 -4.1020e+01
  139 1.3426e-10 -2.2731e+01 0.0000e+00 -4.0369e+01
  140 2.0115e-10 -2.2327e+01 0.0000e+00 -3.9726e+01
  141 2.9949e-10 -2.1929e+01 0.0000e+00 -3.9090e+01
  142 4.4313e-10 -2.1537e+01 1.9808e-17 -3.8460e+01
  143 6.5163e-10 -2.1152e+01 3.6903e-17 -3.7838e+01
  144 9.5241e-10 -2.0772e+01 6.8273e-17 -3.7223e+01
  145 1.3836e-09 -2.0399e+01 1.2544e-16 -3.6615e+01
  146 1.9981e-09 -2.0031e+01 2.2889e-16 -3.6013e+01
  147 2.8684e-09 -1.9670e+01 4.1483e-16 -3.5419e+01
  148 4.0936e-09 -1.9314e+01 7.4673e-16 -3.4831e+01
  149 5.8083e-09 -1.8964e+01 1.3351e-15 -3.4250e+01
  150 8.1939e-09 -1.8620e+01 2.3713e-15 -3.3675e+01
  151 1.1494e-08 -1.8281e+01 4.1838e-15 -3.3108e+01
  152 1.6032e-08 -1.7949e+01 7.3329e-15 -3.2546e+01
  153 2.2236e-08 -1.7622e+01 1.2768e-14 -3.1992e+01
  154 3.0673e-08 -1.7300e+01 2.2089e-14 -3.1444e+01
  155 4.2079e-08 -1.6984e+01 3.7966e-14 -3.0902e+01
  156 5.7414e-08 -1.6673e+01 6.4837e-14 -3.0367e+01
  157 7.7918e-08 -1.6368e+01 1.1002e-13 -2.9838e+01
  158 1.0519e-07 -1.6068e+01 1.8551e-13 -2.9316e+01
  159 1.4125e-07 -1.5773e+01 3.1083e-13 -2.8800e+01
  160 1.8870e-07 -1.5483e+01 5.1756e-13 -2.8290e+01
  161 2.5078e-07 -1.5199e+01 8.5642e-13 -2.7786e+01
  162 3.3161e-07 -1.4919e+01 1.4084e-12 -2.7289e+01
  163 4.3627e-07 -1.4645e+01 2.3019e-12 -2.6797e+01
  164 5.7112e-07 -1.4376e+01 3.7394e-12 -2.6312e+01
  165 7.4397e-07 -1.4111e+01 6.0377e-12 -2.5833e+01
  166 9.6441e-07 -1.3852e+01 9.6898e-12 -2.5360e+01
  167 1.2441e-06 -1.3597e+01 1.5458e-11 -2.4893e+01
  168 1.5974e-06 -1.3347e+01 2.4513e-11 -2.4432e+01
  169 2.0412e-06 -1.3102e+01 3.8642e-11 -2.3977e+01
  170 2.5963e-06 -1.2861e+01 6.0557e-11 -2.3527e+01
  171 3.2870e-06 -1.2626e+01 9.4346e-11 -2.3084e+01
  172 4.1426e-06 -1.2394e+01 1.4613e-10 -2.2647e+01
  173 5.1974e-06 -1.2167e+01 2.2504e-10 -2.2215e+01
  174 6.4917e-06 -1.1945e+01 3.4455e-10 -2.1789e+01
  175 8.0728e-06 -1.1727e+01 5.2453e-10 -2.1369e+01
  176 9.9954e-06 -1.1513e+01 7.9399e-10 -2.0954e+01
  177 1.2323e-05 -1.1304e+01 1.1951e-09 -2.0545e+01
  178 1.5127e-05 -1.1099e+01 1.7887e-09 -2.0142e+01
  179 1.8493e-05 -1.0898e+01 2.6621e-09 -1.9744e+01
  180 2.2514e-05 -1.0701e+01 3.9401e-09 -1.9352e+01
  181 2.7297e-05 -1.0509e+01 5.7994e-09 -1.8966e+01
  182 3.2962e-05 -1.0320e+01 8.4891e-09 -1.8584e+01
  183 3.9646e-05 -1.0136e+01 1.2358e-08 -1.8209e+01
  184 4.7497e-05 -9.9548e+00 1.7894e-08 -1.7839e+01
  185 5.6682e-05 -9.7780e+00 2.5768e-08 -1.7474e+01
  186 6.7386e-05 -9.6051e+00 3.6908e-08 -1.7115e+01
  187 7.9808e-05 -9.4359e+00 5.2582e-08 -1.6761e+01
  188 9.4169e-05 -9.2704e+00 7.4512e-08 -1.6412e+01
  189 1.1071e-04 -9.1086e+00 1.0503e-07 -1.6069e+01
  190 1.2968e-04 -8.9505e+00 1.4727e-07 -1.5731e+01
  191 1.5135e-04 -8.7959e+00 2.0542e-07 -1.5398e+01
  192 1.7604e-04 -8.6448e+00 2.8503e-07 -1.5071e+01
  193 2.0403e-04 -8.4972e+00 3.9345e-07 -1.4748e+01
  194 2.3567e-04 -8.3531e+00 5.4030e-07 -1.4431e+01
  195 2.7131e-04 -8.2123e+00 7.3817e-07 -1.4119e+01
  196 3.1129e-04 -8.0748e+00 1.0034e-06 -1.3812e+01
  197 3.5600e-04 -7.9406e+00 1.3569e-06 -1.3510e+01
  198 4.0581e-04 -7.8096e+00 1.8257e-06 -1.3214e+01
  199 4.6114e-04 -7.6818e+00 2.4442e-06 -1.2922e+01
  200 5.2236e-04 -7.5571e+00 3.2558e-06 -1.2635e+01
  201 5.8990e-04 -7.4356e+00 4.3153e-06 -1.2353e+01
  202 6.6415e-04 -7.3170e+00 5.6913e-06 -1.2077e+01
  203 7.4553e-04 -7.2014e+00 7.4691e-06 -1.1805e+01
  204 8.3441e-04 -7.0888e+00 9.7542e-06 -1.1538e+01
  205 9.3119e-04 -6.9790e+00 1.2676e-05 -1.1276e+01
  206 1.0362e-03 -6.8721e+00 1.6394e-05 -1.1019e+01
  207 1.1499e-03 -6.7681e+00 2.1099e-05 -1.0766e+01
  208 1.2726e-03 -6.6667e+00 2.7024e-05 -1.0519e+01
  209 1.4045e-03 -6.5681e+00 3.4447e-05 -1.0276e+01
  210 1.5459e-03 -6.4722e+00 4.3701e-05 -1.0038e+01
  211 1.6971e-03 -6.3788e+00 5.5177e-05 -9.8050e+00
  212 1.8583e-03 -6.2881e+00 6.9339e-05 -9.5765e+00
  213 2.0296e-03 -6.1999e+00 8.6726e-05 -9.3528e+00
  214 2.2112e-03 -6.1142e+00 1.0797e-04 -9.1337e+00
  215 2.4031e-03 -6.0310e+00 1.3378e-04 -8.9193e+00
  216 2.6053e-03 -5.9502e+00 1.6501e-04 -8.7095e+00
  217 2.8179e-03 -5.8718e+00 2.0258e-04 -8.5044e+00
  218 3.0406e-03 -5.7957e+00 2.4757e-04 -8.3038e+00
  219 3.2733e-03 -5.7220e+00 3.0116e-04 -8.1079e+00
  220 3.5159e-03 -5.6505e+00 3.6470e-04 -7.9164e+00
  221 3.7680e-03 -5.5812e+00 4.3964e-04 -7.7296e+00
  222 4.0293e-03 -5.5142e+00 5.2759e-04 -7.5472e+00
  223 4.2995e-03 -5.4493e+00 6.3029e-04 -7.3693e+00
  224 4.5780e-03 -5.3865e+00 7.4963e-04 -7.1959e+00
  225 4.8643e-03 -5.3258e+00 8.8760e-04 -7.0270e+00
  226 5.1579e-03 -5.2672e+00 1.0463e-03 -6.8625e+00
  227 5.4581e-03 -5.2107e+00 1.2280e-03 -6.7024e+00
  228 5.7643e-03 -5.1561e+00 1.4349e-03 -6.5467e+00
  229 6.0756e-03 -5.1035e+00 1.6693e-03 -6.3954e+00
  230 6.3915e-03 -5.0528e+00 1.9335e-03 -6.2484e+00
  231 6.7109e-03 -5.0040e+00 2.2299e-03 -6.1058e+00
  232 7.0332e-03 -4.9571e+00 2.5607e-03 -5.9675e+00
  233 7.3573e-03 -4.9121e+00 2.9279e-03 -5.8335e+00
  234 7.6824e-03 -4.8688e+00 3.3334e-03 -5.7038e+00
  235 8.0075e-03 -4.8274e+00 3.7790e-03 -5.5783e+00
  236 8.3316e-03 -4.7877e+00 4.2660e-03 -5.4571e+00
  237 8.6539e-03 -4.7497e+00 4.7954e-03 -5.3401e+00
  238 8.9733e-03 -4.7135e+00 5.3678e-03 -5.2273e+00
  239 9.2889e-03 -4.6789e+00 5.9835e-03 -5.1188e+00
  240 9.5997e-03 -4.6460e+00 6.6420e-03 -5.0143e+00
  241 9.9047e-03 -4.6148e+00 7.3423e-03 -4.9141e+00
  242 1.0203e-02 -4.5851e+00 8.0829e-03 -4.8180e+00
  243 1.0494e-02 -4.5570e+00 8.8617e-03 -4.7260e+00
  244 1.0776e-02 -4.5305e+00 9.6756e-03 -4.6381e+00
  245 1.1048e-02 -4.5055e+00 1.0521e-02 -4.5544e+00
  246 1.1311e-02 -4.4820e+00 1.1394e-02 -4.4746e+00
  247 1.1562e-02 -4.4600e+00 1.2290e-02 -4.3990e+00
  248 1.1802e-02 -4.4395e+00 1.3202e-02 -4.3274e+00
  249 1.2029e-02 -4.4204e+00 1.4125e-02 -4.2598e+00
  250 1.2243e-02 -4.4028e+00 1.5053e-02 -4.1962e+00
  251 1.2443e-02 -4.3866e+00 1.5977e-02 -4.1366e+00
  252 1.2629e-02 -4.3717e+00 1.6890e-02 -4.0810e+00
  253 1.2801e-02 -4.3583e+00 1.7786e-02 -4.0294e+00
  254 1.2957e-02 -4.3461e+00 1.8655e-02 -3.9816e+00
  255 1.3097e-02 -4.3353e+00 1.9490e-02 -3.9379e+00
  256 1.3222e-02 -4.3259e+00 2.0282e-02 -3.8980e+00
  257 1.3331e-02 -4.3177e+00 2.1025e-02 -3.8620e+00
  258 1.3423e-02 -4.3108e+00 2.1711e-02 -3.8300e+00
  259 1.3499e-02 -4.3051e+00 2.2332e-02 -3.8017e+00
  260 1.3559e-02 -4.3007e+00 2.2883e-02 -3.7774e+00
  261 1.3602e-02 -4.2975e+00 2.3357e-02 -3.7569e+00
  262 1.3629e-02 -4.2955e+00 2.3750e-02 -3.7402e+00
  263 1.3640e-02 -4.2947e+00 2.4058e-02 -3.7273e+00
  264 1.3635e-02 -4.2951e+00 2.4278e-02 -3.7182e+00
  265 1.3613e-02 -4.2967e+00 2.4408e-02 -3.7129e+00
  266 1.3577e-02 -4.2994e+00 2.4445e-02 -3.7113e+00
  267 1.3525e-02 -4.3032e+00 2.4391e-02 -3.7135e+00
  268 1.3458e-02 -4.3082e+00 2.4247e-02 -3.7195e+00
  269 1.3377e-02 -4.3142e+00 2.4014e-02 -3.7291e+00
  270 1.3282e-02 -4.3214e+00 2.3694e-02 -3.7425e+00
  271 1.3173e-02 -4.3296e+00 2.3293e-02 -3.7596e+00
  272 1.3051e-02 -4.3389e+00 2.2815e-02 -3.7804e+00
  273 1.2917e-02 -4.3492e+00 2.2264e-02 -3.8048e+00
  274 1.2771e-02 -4.3606e+00 2.1647e-02 -3.8329e+00
  275 1.2614e-02 -4.3730e+00 2.0971e-02 -3.8646e+00
  276 1.2446e-02 -4.3864e+00 2.0243e-02 -3.9000e+00
  277 1.2268e-02 -4.4008e+00 1.9469e-02 -3.9389e+00
  278 1.2081e-02 -4.4162e+00 1.8657e-02 -3.9815e+00
  279 1.1884e-02 -4.4325e+00 1.7816e-02 -4.0277e+00
  280 1.1680e-02 -4.4499e+00 1.6951e-02 -4.0774e+00
  281 1.1469e-02 -4.4681e+00 1.6071e-02 -4.1307e+00
  282 1.1250e-02 -4.4874e+00 1.5183e-02 -4.1876e+00
  283 1.1026e-02 -4.5075e+00 1.4293e-02 -4.2480e+00
  284 1.0796e-02 -4.5286e+00 1.3408e-02 -4.3119e+00
  285 1.0561e-02 -4.5506e+00 1.2533e-02 -4.3794e+00
  286 1.0322e-02 -4.5735e+00 1.1675e-02 -4.4503e+00
  287 1.0079e-02 -4.5973e+00 1.0837e-02 -4.5248e+00
  288 9.8339e-03 -4.6219e+00 1.0025e-02 -4.6027e+00
  289 9.5860e-03 -4.6475e+00 9.2413e-03 -4.6841e+00
  290 9.3363e-03 -4.6738e+00 8.4896e-03 -4.7689e+00
  291 9.0853e-03 -4.7011e+00 7.7722e-03 -4.8572e+00
  292 8.8336e-03 -4.7292e+00 7.0911e-03 -4.9489e+00
  293 8.5818e-03 -4.7581e+00 6.4477e-03 -5.0440e+00
  294 8.3302e-03 -4.7879e+00 5.8426e-03 -5.1426e+00
  295 8.0794e-03 -4.8184e+00 5.2764e-03 -5.2445e+00
  296 7.8298e-03 -4.8498e+00 4.7490e-03 -5.3498e+00
  297 7.5818e-03 -4.8820e+00 4.2599e-03 -5.4585e+00
  298 7.3359e-03 -4.9150e+00 3.8083e-03 -5.5706e+00
  299 7.0924e-03 -4.9487e+00 3.3932e-03 -5.6860e+00
  300 6.8516e-03 -4.9833e+00 3.0133e-03 -5.8047e+00
  301 6.6139e-03 -5.0186e+00 2.6671e-03 -5.9268e+00
  302 6.3796e-03 -5.0547e+00 2.3528e-03 -6.0522e+00
  303 6.1489e-03 -5.0915e+00 2.0687e-03 -6.1809e+00
  304 5.9221e-03 -5.1291e+00 1.8129e-03 -6.3128e+00
  305 5.6995e-03 -5.1674e+00 1.5835e-03 -6.4481e+00
  306 5.4812e-03 -5.2064e+00 1.3787e-03 -6.5866e+00
  307 5.2674e-03 -5.2462e+00 1.1964e-03 -6.7285e+00
  308 5.0584e-03 -5.2867e+00 1.0348e-03 -6.8735e+00
  309 4.8541e-03 -5.3279e+00 8.9221e-04 -7.0218e+00
  310 4.6548e-03 -5.3699e+00 7.6676e-04 -7.1733e+00
  311 4.4605e-03 -5.4125e+00 6.5683e-04 -7.3281e+00
  312 4.2714e-03 -5.4558e+00 5.6085e-04 -7.4861e+00
  313 4.0875e-03 -5.4998e+00 4.7737e-04 -7.6472e+00
  314 3.9088e-03 -5.5445e+00 4.0502e-04 -7.8116e+00
  315 3.7354e-03 -5.5899e+00 3.4255e-04 -7.9791e+00
  316 3.5672e-03 -5.6360e+00 2.8880e-04 -8.1498e+00
  317 3.4044e-03 -5.6827e+00 2.4271e-04 -8.3237e+00
  318 3.2468e-03 -5.7301e+00 2.0333e-04 -8.5007e+00
  319 3.0945e-03 -5.7781e+00 1.6981e-04 -8.6808e+00
  320 2.9474e-03 -5.8268e+00 1.4138e-04 -8.8641e+00
  321 2.8055e-03 -5.8762e+00 1.1733e-04 -9.0505e+00
  322 2.6687e-03 -5.9262e+00 9.7078e-05 -9.2400e+00
  323 2.5370e-03 -5.9768e+00 8.0070e-05 -9.4326e+00
  324 2.4102e-03 -6.0280e+00 6.5838e-05 -9.6283e+00
  325 2.2883e-03 -6.0799e+00 5.3970e-05 -9.8271e+00
  326 2.1713e-03 -6.1324e+00 4.4105e-05 -1.0029e+01
  327 2.0589e-03 -6.1856e+00 3.5933e-05 -1.0234e+01
  328 1.9512e-03 -6.2393e+00 2.9186e-05 -1.0442e+01
  329 1.8479e-03 -6.2937e+00 2.3633e-05 -1.0653e+01
  330 1.7491e-03 -6.3487e+00 1.9079e-05 -1.0867e+01
  331 1.6545e-03 -6.4042e+00 1.5356e-05 -1.1084e+01
  332 1.5642e-03 -6.4604e+00 1.2323e-05 -1.1304e+01
  333 1.4778e-03 -6.5172e+00 9.8586e-06 -1.1527e+01
  334 1.3955e-03 -6.5745e+00 7.8636e-06 -1.1753e+01
  335 1.3169e-03 -6.6325e+00 6.2536e-06 -1.1982e+01
  336 1.2420e-03 -6.6910e+00 4.9584e-06 -1.2214e+01
  337 1.1707e-03 -6.7501e+00 3.9198e-06 -1.2449e+01
  338 1.1029e-03 -6.8098e+00 3.0896e-06 -1.2687e+01
  339 1.0384e-03 -6.8701e+00 2.4280e-06 -1.2928e+01
  340 9.7709e-04 -6.9309e+00 1.9025e-06 -1.3172e+01
  341 9.1889e-04 -6.9923e+00 1.4864e-06 -1.3419e+01
  342 8.6367e-04 -7.0543e+00 1.1579e-06 -1.3669e+01
  343 8.1131e-04 -7.1169e+00 8.9932e-07 -1.3922e+01
  344 7.6170e-04 -7.1800e+00 6.9648e-07 -1.4177e+01
  345 7.1472e-04 -7.2436e+00 5.3783e-07 -1.4436e+01
  346 6.7027e-04 -7.3078e+00 4.1412e-07 -1.4697e+01
  347 6.2824e-04 -7.3726e+00 3.1794e-07 -1.4961e+01
  348 5.8852e-04 -7.4379e+00 2.4340e-07 -1.5229e+01
  349 5.5101e-04 -7.5038e+00 1.8580e-07 -1.5499e+01
  350 5.1561e-04 -7.5702e+00 1.4143e-07 -1.5771e+01
  351 4.8222e-04 -7.6371e+00 1.0734e-07 -1.6047e+01
  352 4.5075e-04 -7.7046e+00 8.1243e-08 -1.6326e+01
  353 4.2111e-04 -7.7726e+00 6.1315e-08 -1.6607e+01
  354 3.9321e-04 -7.8412e+00 4.6144e-08 -1.6891e+01
  355 3.6696e-04 -7.9103e+00 3.4629e-08 -1.7179e+01
  356 3.4227e-04 -7.9799e+00 2.5915e-08 -1.7468e+01
  357 3.1908e-04 -8.0501e+00 1.9339e-08 -1.7761e+01
  358 2.9731e-04 -8.1207e+00 1.4391e-08 -1.8057e+01
  359 2.7687e-04 -8.1920e+00 1.0680e-08 -1.8355e+01
  360 2.5771e-04 -8.2637e+00 7.9033e-09 -1.8656e+01
  361 2.3974e-04 -8.3360e+00 5.8325e-09 -1.8960e+01
  362 2.2291e-04 -8.4087e+00 4.2924e-09 -1.9266e+01
  363 2.0716e-04 -8.4820e+00 3.1502e-09 -1.9576e+01
  364 1.9241e-04 -8.5559e+00 2.3057e-09 -1.9888e+01
  365 1.7863e-04 -8.6302e+00 1.6829e-09 -2.0203e+01
  366 1.6574e-04 -8.7051e+00 1.2250e-09 -2.0520e+01
  367 1.5371e-04 -8.7804e+00 8.8923e-10 -2.0841e+01
  368 1.4248e-04 -8.8563e+00 6.4376e-10 -2.1164e+01
  369 1.3200e-04 -8.9327e+00 4.6478e-10 -2.1489e+01
  370 1.2222e-04 -9.0097e+00 3.3466e-10 -2.1818e+01
  371 1.1312e-04 -9.0871e+00 2.4031e-10 -2.2149e+01
  372 1.0463e-04 -9.1650e+00 1.7210e-10 -2.2483e+01
  373 9.6740e-05 -9.2435e+00 1.2292e-10 -2.2819e+01
  374 8.9394e-05 -9.3225e+00 8.7562e-11 -2.3159e+01
  375 8.2565e-05 -9.4019e+00 6.2207e-11 -2.3501e+01
  376 7.6218e-05 -9.4819e+00 4.4076e-11 -2.3845e+01
  377 7.0323e-05 -9.5624e+00 3.1147e-11 -2.4192e+01
  378 6.4851e-05 -9.6434e+00 2.1952e-11 -2.4542e+01
  379 5.9775e-05 -9.7249e+00 1.5431e-11 -2.4895e+01
  380 5.5067e-05 -9.8070e+00 1.0818e-11 -2.5250e+01
  381 5.0705e-05 -9.8895e+00 7.5646e-12 -2.5608e+01
  382 4.6665e-05 -9.9725e+00 5.2756e-12 -2.5968e+01
  383 4.2924e-05 -1.0056e+01 3.6697e-12 -2.6331e+01
  384 3.9463e-05 -1.0140e+01 2.5460e-12 -2.6697e+01
  385 3.6263e-05 -1.0225e+01 1.7618e-12 -2.7065e+01
  386 3.3306e-05 -1.0310e+01 1.2159e-12 -2.7436e+01
  387 3.0574e-05 -1.0395e+01 8.3705e-13 -2.7809e+01
  388 2.8051e-05 -1.0481e+01 5.7474e-13 -2.8185e+01
  389 2.5724e-05 -1.0568e+01 3.9362e-13 -2.8563e+01
  390 2.3578e-05 -1.0655e+01 2.6888e-13 -2.8944e+01
  391 2.1600e-05 -1.0743e+01 1.8321e-13 -2.9328e+01
  392 1.9777e-05 -1.0831e+01 1.2451e-13 -2.9714e+01
  393 1.8099e-05 -1.0920e+01 8.4405e-14 -3.0103e+01
  394 1.6555e-05 -1.1009e+01 5.7072e-14 -3.0494e+01
  395 1.5135e-05 -1.1099e+01 3.8493e-14 -3.0888e+01
  396 1.3829e-05 -1.1189e+01 2.5896e-14 -3.1285e+01
  397 1.2630e-05 -1.1279e+01 1.7378e-14 -3.1684e+01
  398 1.1528e-05 -1.1371e+01 1.1633e-14 -3.2085e+01
  399 1.0517e-05 -1.1462e+01 7.7670e-15 -3.2489e+01
  400 9.5900e-06 -1.1555e+01 5.1730e-15 -3.2895e+01
  401 8.7399e-06 -1.1648e+01 3.4368e-15 -3.3304e+01
  402 7.9609e-06 -1.1741e+01 2.2776e-15 -3.3716e+01
  403 7.2476e-06 -1.1835e+01 1.5057e-15 -3.4130e+01
  404 6.5946e-06 -1.1929e+01 9.9289e-16 -3.4546e+01
  405 5.9973e-06 -1.2024e+01 6.5313e-16 -3.4965e+01
  406 5.4512e-06 -1.2120e+01 4.2858e-16 -3.5386e+01
  407 4.9522e-06 -1.2216e+01 2.8053e-16 -3.5810e+01
  408 4.4964e-06 -1.2312e+01 1.8318e-16 -3.6236e+01
  409 4.0803e-06 -1.2409e+01 1.1932e-16 -3.6665e+01
  410 3.7007e-06 -1.2507e+01 7.7531e-17 -3.7096e+01
  411 3.3546e-06 -1.2605e+01 5.0256e-17 -3.7529e+01
  412 3.0392e-06 -1.2704e+01 3.2497e-17 -3.7965e+01
  413 2.7520e-06 -1.2803e+01 2.0963e-17 -3.8404e+01
  414 2.4905e-06 -1.2903e+01 1.3490e-17 -3.8845e+01
  415 2.2526e-06 -1.3003e+01 0.0000e+00 -3.9288e+01
  416 2.0362e-06 -1.3104e+01 0.0000e+00 -3.9733e+01
  417 1.8397e-06 -1.3206e+01 0.0000e+00 -4.0182e+01
  418 1.6611e-06 -1.3308e+01 0.0000e+00 -4.0632e+01
  419 1.4990e-06 -1.3411e+01 0.0000e+00 -4.1085e+01
  420 1.3520e-06 -1.3514e+01 0.0000e+00 -4.1540e+01
  421 1.2187e-06 -1.3618e+01 0.0000e+00 -4.1998e+01
  422 1.0978e-06 -1.3722e+01 0.0000e+00 -4.2458e+01
  423 9.8841e-07 -1.3827e+01 0.0000e+00 -4.2920e+01
  424 8.8937e-07 -1.3933e+01 0.0000e+00 -4.3385e+01
  425 7.9977e-07 -1.4039e+01 0.0000e+00 -4.3852e+01
  426 7.1877e-07 -1.4146e+01 0.0000e+00 -4.4321e+01
  427 6.4558e-07 -1.4253e+01 0.0000e+00 -4.4793e+01
  428 5.7949e-07 -1.4361e+01 0.0000e+00 -4.5267e+01
  429 5.1984e-07 -1.4470e+01 0.0000e+00 -4.5743e+01
  430 4.6604e-07 -1.4579e+01 0.0000e+00 -4.6222e+01
  431 4.1755e-07 -1.4689e+01 0.0000e+00 -4.6703e+01
  432 3.7387e-07 -1.4799e+01 0.0000e+00 -4.7186e+01
  433 3.3454e-07 -1.4911e+01 0.0000e+00 -4.7672e+01
  434 2.9916e-07 -1.5022e+01 0.0000e+00 -4.8160e+01
  435 2.6734e-07 -1.5135e+01 0.0000e+00 -4.8650e+01
  436 2.3875e-07 -1.5248e+01 0.0000e+00 -4.9143e+01
  437 2.1308e-07 -1.5362e+01 0.0000e+00 -4.9638e+01
  438 1.9004e-07 -1.5476e+01 0.0000e+00 -5.0135e+01
  439 1.6937e-07 -1.5591e+01 0.0000e+00 -5.0635e+01
  440 1.5085e-07 -1.5707e+01 0.0000e+00 -5.1136e+01
  441 1.3427e-07 -1.5823e+01 0.0000e+00 -5.1640e+01
  442 1.1942e-07 -1.5941e+01 0.0000e+00 -5.2147e+01
  443 1.0614e-07 -1.6059e+01 0.0000e+00 -5.2655e+01
  444 9.4265e-08 -1.6177e+01 0.0000e+00 -5.3166e+01
  445 8.3661e-08 -1.6296e+01 0.0000e+00 -5.3679e+01
  446 7.4195e-08 -1.6417e+01 0.0000e+00 -5.4194e+01
  447 6.5751e-08 -1.6537e+01 0.0000e+00 -5.4712e+01
  448 5.8225e-08 -1.6659e+01 0.0000e+00 -5.5231e+01
  449 5.1521e-08 -1.6781e+01 0.0000e+00 -5.5753e+01
  450 4.5554e-08 -1.6904e+01 0.0000e+00 -5.6278e+01
  451 4.0247e-08 -1.7028e+01 0.0000e+00 -5.6804e+01
  452 3.5530e-08 -1.7153e+01 0.0000e+00 -5.7333e+01
  453 3.1341e-08 -1.7278e+01 0.0000e+00 -5.7864e+01
  454 2.7623e-08 -1.7405e+01 0.0000e+00 -5.8397e+01
  455 2.4326e-08 -1.7532e+01 0.0000e+00 -5.8932e+01
  456 2.1405e-08 -1.7660e+01 0.0000e+00 -5.9469e+01
  457 1.8819e-08 -1.7788e+01 0.0000e+00 -6.0009e+01
  458 1.6531e-08 -1.7918e+01 0.0000e+00 -6.0551e+01
  459 1.4508e-08 -1.8049e+01 0.0000e+00 -6.1095e+01
  460 1.2722e-08 -1.8180e+01 0.0000e+00 -6.1641e+01
  461 1.1145e-08 -1.8312e+01 0.0000e+00 -6.2189e+01
  462 9.7554e-09 -1.8445e+01 0.0000e+00 -6.2740e+01
  463 8.5307e-09 -1.8580e+01 0.0000e+00 -6.3293e+01
  464 7.4527e-09 -1.8715e+01 0.0000e+00 -6.3847e+01
  465 6.5046e-09 -1.8851e+01 0.0000e+00 -6.4404e+01
  466 5.6716e-09 -1.8988e+01 0.0000e+00 -6.4964e+01
  467 4.9402e-09 -1.9126e+01 0.0000e+00 -6.5525e+01
  468 4.2988e-09 -1.9265e+01 0.0000e+00 -6.6088e+01
  469 3.7368e-09 -1.9405e+01 0.0000e+00 -6.6654e+01
  470 3.2449e-09 -1.9546e+01 0.0000e+00 -6.7221e+01
  471 2.8146e-09 -1.9688e+01 0.0000e+00 -6.7791e+01
  472 2.4388e-09 -1.9832e+01 0.0000e+00 -6.8363e+01
  473 2.1108e-09 -1.9976e+01 0.0000e+00 -6.8937e+01
  474 1.8248e-09 -2.0122e+01 0.0000e+00 -6.9513e+01
  475 1.5757e-09 -2.0269e+01 0.0000e+00 -7.0092e+01
  476 1.3591e-09 -2.0416e+01 0.0000e+00 -7.0672e+01
  477 1.1708e-09 -2.0566e+01 0.0000e+00 -7.1255e+01
  478 1.0074e-09 -2.0716e+01 0.0000e+00 -7.1839e+01
  479 8.6568e-10 -2.0868e+01 0.0000e+00 -7.2426e+01
  480 7.4299e-10 -2.1020e+01 0.0000e+00 -7.3015e+01
  481 6.3687e-10 -2.1174e+01 0.0000e+00 -7.3605e+01
  482 5.4520e-10 -2.1330e+01 0.0000e+00 -7.4198e+01
  483 4.6611e-10 -2.1487e+01 0.0000e+00 -7.4793e+01
  484 3.9796e-10 -2.1645e+01 0.0000e+00 -7.5390e+01
  485 3.3931e-10 -2.1804e+01 0.0000e+00 -7.5989e+01
  486 2.8891e-10 -2.1965e+01 0.0000e+00 -7.6591e+01
  487 2.4565e-10 -2.2127e+01 0.0000e+00 -7.7194e+01
  488 2.0857e-10 -2.2291e+01 0.0000e+00 -7.7799e+01
  489 1.7684e-10 -2.2456e+01 0.0000e+00 -7.8406e+01
  490 1.4971e-10 -2.2622e+01 0.0000e+00 -7.9016e+01
  491 1.2656e-10 -2.2790e+01 0.0000e+00 -7.9627e+01
  492 1.0683e-10 -2.2960e+01 0.0000e+00 -8.0241e+01
  493 9.0046e-11 -2.3131e+01 0.0000e+00 -8.0856e+01
  494 7.5780e-11 -2.3303e+01 0.0000e+00 -8.1474e+01
  495 6.3676e-11 -2.3477e+01 0.0000e+00 -8.2093e+01
  496 5.3423e-11 -2.3653e+01 0.0000e+00 -8.2715e+01
  497 4.4751e-11 -2.3830e+01 0.0000e+00 -8.3338e+01
  498 3.7427e-11 -2.4009e+01 0.0000e+00 -8.3964e+01
  499 3.1252e-11 -2.4189e+01 0.0000e+00 -8.4591e+01

Total probability: 1.00000
