.........*.........*.........*.........*.........* 30233050
.........*.........*.........*.........*.........* 60466100
*** SIMULATED BIN SIZE PROBABILITIES ***
Number of fragments: 38970685
Fragment length: 10
Number of clusters: 6
Number of bins: 60466176
Average bin size: 0.64
Clusters: STAN#ILVM#KR#DEQ#WFYH#GPC

Cluster probabilities
  0      1      2      3      4      5    
0.2496 0.2426 0.1097 0.1519 0.1090 0.1371 

    k     P(X=k) log P(X=k)        Pav    log Pav
    0 3.4613e-01 -1.0609e+00 5.2492e-01 -6.4450e-01
    1 2.4107e-01 -1.4227e+00 3.3831e-01 -1.0838e+00
    2 1.4428e-01 -1.9360e+00 1.0902e-01 -2.2162e+00
    3 8.7289e-02 -2.4385e+00 2.3422e-02 -3.7541e+00
    4 5.4827e-02 -2.9036e+00 3.7739e-03 -5.5797e+00
    5 3.5777e-02 -3.3305e+00 4.8645e-04 -7.6284e+00
    6 2.4145e-02 -3.7237e+00 5.2254e-05 -9.8594e+00
    7 1.6775e-02 -4.0879e+00 4.8111e-06 -1.2245e+01
    8 1.1949e-02 -4.4271e+00 3.8760e-07 -1.4763e+01
    9 8.6917e-03 -4.7454e+00 2.7756e-08 -1.7400e+01
   10 6.4318e-03 -5.0465e+00 1.7889e-09 -2.0142e+01
   11 4.8249e-03 -5.3340e+00 1.0481e-10 -2.2979e+01
   12 3.6609e-03 -5.6100e+00 5.6294e-12 -2.5903e+01
   13 2.8077e-03 -5.8754e+00 2.7909e-13 -2.8907e+01
   14 2.1781e-03 -6.1293e+00 1.2848e-14 -3.1986e+01
   15 1.7116e-03 -6.3703e+00 0.0000e+00 -3.5133e+01
   16 1.3636e-03 -6.5976e+00 0.0000e+00 -3.8345e+01
   17 1.1005e-03 -6.8120e+00 0.0000e+00 -4.1617e+01
   18 8.9712e-04 -7.0163e+00 0.0000e+00 -4.4947e+01
   19 7.3515e-04 -7.2154e+00 0.0000e+00 -4.8331e+01
   20 6.0224e-04 -7.4149e+00 0.0000e+00 -5.1766e+01
   21 4.9075e-04 -7.6196e+00 0.0000e+00 -5.5249e+01
   22 3.9643e-04 -7.8330e+00 0.0000e+00 -5.8780e+01
   23 3.1718e-04 -8.0560e+00 0.0000e+00 -6.2354e+01
   24 2.5188e-04 -8.2865e+00 0.0000e+00 -6.5972e+01
   25 1.9962e-04 -8.5191e+00 0.0000e+00 -6.9630e+01
   26 1.5922e-04 -8.7452e+00 0.0000e+00 -7.3327e+01
   27 1.2911e-04 -8.9549e+00 0.0000e+00 -7.7062e+01
   28 1.0738e-04 -9.1391e+00 0.0000e+00 -8.0834e+01
   29 9.2038e-05 -9.2933e+00 0.0000e+00 -8.4641e+01
   30 8.1152e-05 -9.4192e+00 0.0000e+00 -8.8481e+01
   31 7.3071e-05 -9.5241e+00 0.0000e+00 -9.2354e+01
   32 6.6509e-05 -9.6182e+00 0.0000e+00 -9.6259e+01
   33 6.0577e-05 -9.7116e+00 0.0000e+00 -1.0020e+02
   34 5.4756e-05 -9.8126e+00 0.0000e+00 -1.0416e+02
   35 4.8825e-05 -9.9273e+00 0.0000e+00 -1.0816e+02
   36 4.2779e-05 -1.0059e+01 0.0000e+00 -1.1218e+02
   37 3.6742e-05 -1.0212e+01 0.0000e+00 -1.1623e+02
   38 3.0893e-05 -1.0385e+01 0.0000e+00 -1.2031e+02
   39 2.5412e-05 -1.0580e+01 0.0000e+00 -1.2441e+02
   40 2.0448e-05 -1.0798e+01 0.0000e+00 -1.2854e+02
   41 1.6097e-05 -1.1037e+01 0.0000e+00 -1.3269e+02
   42 1.2400e-05 -1.1298e+01 0.0000e+00 -1.3687e+02
   43 9.3504e-06 -1.1580e+01 0.0000e+00 -1.4107e+02
   44 6.9051e-06 -1.1883e+01 0.0000e+00 -1.4529e+02
   45 4.9959e-06 -1.2207e+01 0.0000e+00 -1.4954e+02
   46 3.5429e-06 -1.2551e+01 0.0000e+00 -1.5380e+02
   47 2.4637e-06 -1.2914e+01 0.0000e+00 -1.5809e+02
   48 1.6807e-06 -1.3296e+01 0.0000e+00 -1.6240e+02
   49 1.1252e-06 -1.3698e+01 0.0000e+00 -1.6673e+02
   50 7.3963e-07 -1.4117e+01 0.0000e+00 -1.7109e+02
   51 4.7750e-07 -1.4555e+01 0.0000e+00 -1.7546e+02
   52 3.0289e-07 -1.5010e+01 0.0000e+00 -1.7985e+02
   53 1.8884e-07 -1.5482e+01 0.0000e+00 -1.8426e+02
   54 1.1576e-07 -1.5972e+01 0.0000e+00 -1.8869e+02
   55 6.9795e-08 -1.6478e+01 0.0000e+00 -1.9313e+02
   56 4.1402e-08 -1.7000e+01 0.0000e+00 -1.9760e+02
   57 2.4170e-08 -1.7538e+01 0.0000e+00 -2.0208e+02
   58 1.3891e-08 -1.8092e+01 0.0000e+00 -2.0658e+02
   59 7.8613e-09 -1.8661e+01 0.0000e+00 -2.1110e+02
   60 4.3821e-09 -1.9246e+01 0.0000e+00 -2.1563e+02
   61 2.4067e-09 -1.9845e+01 0.0000e+00 -2.2018e+02
   62 1.3026e-09 -2.0459e+01 0.0000e+00 -2.2475e+02
   63 6.9499e-10 -2.1087e+01 0.0000e+00 -2.2933e+02
   64 3.6559e-10 -2.1730e+01 0.0000e+00 -2.3393e+02
   65 1.8966e-10 -2.2386e+01 0.0000e+00 -2.3854e+02
   66 9.7054e-11 -2.3056e+01 0.0000e+00 -2.4317e+02
   67 4.9000e-11 -2.3739e+01 0.0000e+00 -2.4781e+02
   68 2.4413e-11 -2.4436e+01 0.0000e+00 -2.5247e+02
   69 1.2005e-11 -2.5146e+01 0.0000e+00 -2.5714e+02
   70 5.8279e-12 -2.5868e+01 0.0000e+00 -2.6183e+02
   71 2.7935e-12 -2.6604e+01 0.0000e+00 -2.6653e+02
   72 1.3224e-12 -2.7352e+01 0.0000e+00 -2.7125e+02
   73 6.1829e-13 -2.8112e+01 0.0000e+00 -2.7598e+02
   74 2.8559e-13 -2.8884e+01 0.0000e+00 -2.8072e+02
   75 1.3034e-13 -2.9669e+01 0.0000e+00 -2.8548e+02
   76 5.8786e-14 -3.0465e+01 0.0000e+00 -2.9025e+02
   77 2.6205e-14 -3.1273e+01 0.0000e+00 -2.9503e+02
   78 1.1547e-14 -3.2092e+01 0.0000e+00 -2.9983e+02
   79 5.0306e-15 -3.2923e+01 0.0000e+00 -3.0464e+02
   80 2.1670e-15 -3.3765e+01 0.0000e+00 -3.0946e+02
   81 9.2316e-16 -3.4619e+01 0.0000e+00 -3.1429e+02
   82 3.8895e-16 -3.5483e+01 0.0000e+00 -3.1914e+02
   83 1.6211e-16 -3.6358e+01 0.0000e+00 -3.2400e+02
   84 6.6816e-17 -3.7245e+01 0.0000e+00 -3.2887e+02
   85 2.7174e-17 -3.8144e+01 0.0000e+00 -3.3375e+02
   86 1.0975e-17 -3.9051e+01 0.0000e+00 -3.3864e+02
   87 4.3192e-18 -3.9983e+01 0.0000e+00 -3.4355e+02
   88 1.6080e-18 -4.0972e+01 0.0000e+00 -3.4846e+02
   89 6.3308e-19 -4.1904e+01 0.0000e+00 -3.5339e+02
   90 2.0569e-19 -4.3028e+01 0.0000e+00 -3.5833e+02
   91 7.9995e-20 -4.3972e+01 0.0000e+00 -3.6328e+02
   92 1.9623e-20 -4.5378e+01 0.0000e+00 -3.6824e+02
   93 2.6052e-21 -4.7397e+01 0.0000e+00 -3.7321e+02
   94 1.0143e-21 -4.8340e+01 0.0000e+00 -3.7820e+02
   95 0.0000e+00 -Inf       0.0000e+00 -3.8319e+02
   96 0.0000e+00 -Inf       0.0000e+00 -3.8819e+02
   97 0.0000e+00 -Inf       0.0000e+00 -3.9321e+02
   98 0.0000e+00 -Inf       0.0000e+00 -3.9823e+02
   99 0.0000e+00 -Inf       0.0000e+00 -4.0327e+02
  100 0.0000e+00 -Inf       0.0000e+00 -4.0831e+02
  101 0.0000e+00 -Inf       0.0000e+00 -4.1337e+02
  102 0.0000e+00 -Inf       0.0000e+00 -4.1843e+02
  103 0.0000e+00 -Inf       0.0000e+00 -4.2350e+02
  104 0.0000e+00 -Inf       0.0000e+00 -4.2859e+02
  105 0.0000e+00 -Inf       0.0000e+00 -4.3368e+02
  106 0.0000e+00 -Inf       0.0000e+00 -4.3878e+02
  107 0.0000e+00 -Inf       0.0000e+00 -4.4390e+02
  108 0.0000e+00 -Inf       0.0000e+00 -4.4902e+02
  109 0.0000e+00 -Inf       0.0000e+00 -4.5415e+02
  110 0.0000e+00 -Inf       0.0000e+00 -4.5929e+02
  111 0.0000e+00 -Inf       0.0000e+00 -4.6444e+02
  112 0.0000e+00 -Inf       0.0000e+00 -4.6959e+02
  113 0.0000e+00 -Inf       0.0000e+00 -4.7476e+02
  114 0.0000e+00 -Inf       0.0000e+00 -4.7994e+02
  115 0.0000e+00 -Inf       0.0000e+00 -4.8512e+02
  116 0.0000e+00 -Inf       0.0000e+00 -4.9031e+02
  117 0.0000e+00 -Inf       0.0000e+00 -4.9551e+02
  118 0.0000e+00 -Inf       0.0000e+00 -5.0072e+02
  119 0.0000e+00 -Inf       0.0000e+00 -5.0594e+02
  120 0.0000e+00 -Inf       0.0000e+00 -5.1117e+02
  121 0.0000e+00 -Inf       0.0000e+00 -5.1640e+02
  122 0.0000e+00 -Inf       0.0000e+00 -5.2165e+02
  123 0.0000e+00 -Inf       0.0000e+00 -5.2690e+02
  124 0.0000e+00 -Inf       0.0000e+00 -5.3216e+02
  125 0.0000e+00 -Inf       0.0000e+00 -5.3743e+02
  126 0.0000e+00 -Inf       0.0000e+00 -5.4270e+02
  127 0.0000e+00 -Inf       0.0000e+00 -5.4799e+02
  128 0.0000e+00 -Inf       0.0000e+00 -5.5328e+02
  129 0.0000e+00 -Inf       0.0000e+00 -5.5858e+02
  130 0.0000e+00 -Inf       0.0000e+00 -5.6388e+02
  131 0.0000e+00 -Inf       0.0000e+00 -5.6920e+02
  132 0.0000e+00 -Inf       0.0000e+00 -5.7452e+02
  133 0.0000e+00 -Inf       0.0000e+00 -5.7985e+02
  134 0.0000e+00 -Inf       0.0000e+00 -5.8519e+02
  135 0.0000e+00 -Inf       0.0000e+00 -5.9053e+02
  136 0.0000e+00 -Inf       0.0000e+00 -5.9588e+02
  137 0.0000e+00 -Inf       0.0000e+00 -6.0124e+02
  138 0.0000e+00 -Inf       0.0000e+00 -6.0661e+02
  139 0.0000e+00 -Inf       0.0000e+00 -6.1198e+02
  140 0.0000e+00 -Inf       0.0000e+00 -6.1736e+02
  141 0.0000e+00 -Inf       0.0000e+00 -6.2275e+02
  142 0.0000e+00 -Inf       0.0000e+00 -6.2815e+02
  143 0.0000e+00 -Inf       0.0000e+00 -6.3355e+02
  144 0.0000e+00 -Inf       0.0000e+00 -6.3896e+02
  145 0.0000e+00 -Inf       0.0000e+00 -6.4437e+02
  146 0.0000e+00 -Inf       0.0000e+00 -6.4980e+02
  147 0.0000e+00 -Inf       0.0000e+00 -6.5523e+02
  148 0.0000e+00 -Inf       0.0000e+00 -6.6066e+02
  149 0.0000e+00 -Inf       0.0000e+00 -6.6611e+02
  150 0.0000e+00 -Inf       0.0000e+00 -6.7156e+02
  151 0.0000e+00 -Inf       0.0000e+00 -6.7701e+02
  152 0.0000e+00 -Inf       0.0000e+00 -6.8248e+02
  153 0.0000e+00 -Inf       0.0000e+00 -6.8795e+02
  154 0.0000e+00 -Inf       0.0000e+00 -6.9342e+02
  155 0.0000e+00 -Inf       0.0000e+00 -6.9890e+02
  156 0.0000e+00 -Inf       0.0000e+00 -7.0439e+02
  157 0.0000e+00 -Inf       0.0000e+00 -7.0989e+02
  158 0.0000e+00 -Inf       0.0000e+00 -7.1539e+02
  159 0.0000e+00 -Inf       0.0000e+00 -7.2090e+02
  160 0.0000e+00 -Inf       0.0000e+00 -7.2641e+02
  161 0.0000e+00 -Inf       0.0000e+00 -7.3193e+02
  162 0.0000e+00 -Inf       0.0000e+00 -7.3746e+02
  163 0.0000e+00 -Inf       0.0000e+00 -7.4299e+02
  164 0.0000e+00 -Inf       0.0000e+00 -7.4853e+02
  165 0.0000e+00 -Inf       0.0000e+00 -7.5408e+02
  166 0.0000e+00 -Inf       0.0000e+00 -7.5963e+02
  167 0.0000e+00 -Inf       0.0000e+00 -7.6519e+02
  168 0.0000e+00 -Inf       0.0000e+00 -7.7075e+02
  169 0.0000e+00 -Inf       0.0000e+00 -7.7632e+02
  170 0.0000e+00 -Inf       0.0000e+00 -7.8189e+02
  171 0.0000e+00 -Inf       0.0000e+00 -7.8748e+02
  172 0.0000e+00 -Inf       0.0000e+00 -7.9306e+02
  173 0.0000e+00 -Inf       0.0000e+00 -7.9865e+02
  174 0.0000e+00 -Inf       0.0000e+00 -8.0425e+02
  175 0.0000e+00 -Inf       0.0000e+00 -8.0986e+02
  176 0.0000e+00 -Inf       0.0000e+00 -8.1547e+02
  177 0.0000e+00 -Inf       0.0000e+00 -8.2108e+02
  178 0.0000e+00 -Inf       0.0000e+00 -8.2670e+02
  179 0.0000e+00 -Inf       0.0000e+00 -8.3233e+02
  180 0.0000e+00 -Inf       0.0000e+00 -8.3796e+02
  181 0.0000e+00 -Inf       0.0000e+00 -8.4360e+02
  182 0.0000e+00 -Inf       0.0000e+00 -8.4924e+02
  183 0.0000e+00 -Inf       0.0000e+00 -8.5489e+02
  184 0.0000e+00 -Inf       0.0000e+00 -8.6055e+02
  185 0.0000e+00 -Inf       0.0000e+00 -8.6621e+02
  186 0.0000e+00 -Inf       0.0000e+00 -8.7187e+02
  187 0.0000e+00 -Inf       0.0000e+00 -8.7754e+02
  188 0.0000e+00 -Inf       0.0000e+00 -8.8322e+02
  189 0.0000e+00 -Inf       0.0000e+00 -8.8890e+02
  190 0.0000e+00 -Inf       0.0000e+00 -8.9458e+02
  191 0.0000e+00 -Inf       0.0000e+00 -9.0028e+02
  192 0.0000e+00 -Inf       0.0000e+00 -9.0597e+02
  193 0.0000e+00 -Inf       0.0000e+00 -9.1167e+02
  194 0.0000e+00 -Inf       0.0000e+00 -9.1738e+02
  195 0.0000e+00 -Inf       0.0000e+00 -9.2309e+02
  196 0.0000e+00 -Inf       0.0000e+00 -9.2881e+02
  197 0.0000e+00 -Inf       0.0000e+00 -9.3453e+02
  198 0.0000e+00 -Inf       0.0000e+00 -9.4026e+02
  199 0.0000e+00 -Inf       0.0000e+00 -9.4599e+02
  200 0.0000e+00 -Inf       0.0000e+00 -9.5173e+02
  201 0.0000e+00 -Inf       0.0000e+00 -9.5747e+02
  202 0.0000e+00 -Inf       0.0000e+00 -9.6322e+02
  203 0.0000e+00 -Inf       0.0000e+00 -9.6897e+02
  204 0.0000e+00 -Inf       0.0000e+00 -9.7473e+02
  205 0.0000e+00 -Inf       0.0000e+00 -9.8049e+02
  206 0.0000e+00 -Inf       0.0000e+00 -9.8626e+02
  207 0.0000e+00 -Inf       0.0000e+00 -9.9203e+02
  208 0.0000e+00 -Inf       0.0000e+00 -9.9781e+02
  209 0.0000e+00 -Inf       0.0000e+00 -1.0036e+03
  210 0.0000e+00 -Inf       0.0000e+00 -1.0094e+03
  211 0.0000e+00 -Inf       0.0000e+00 -1.0152e+03
  212 0.0000e+00 -Inf       0.0000e+00 -1.0210e+03
  213 0.0000e+00 -Inf       0.0000e+00 -1.0268e+03
  214 0.0000e+00 -Inf       0.0000e+00 -1.0326e+03
  215 0.0000e+00 -Inf       0.0000e+00 -1.0384e+03
  216 0.0000e+00 -Inf       0.0000e+00 -1.0442e+03
  217 0.0000e+00 -Inf       0.0000e+00 -1.0500e+03
  218 0.0000e+00 -Inf       0.0000e+00 -1.0558e+03
  219 0.0000e+00 -Inf       0.0000e+00 -1.0617e+03
  220 0.0000e+00 -Inf       0.0000e+00 -1.0675e+03
  221 0.0000e+00 -Inf       0.0000e+00 -1.0733e+03
  222 0.0000e+00 -Inf       0.0000e+00 -1.0792e+03
  223 0.0000e+00 -Inf       0.0000e+00 -1.0850e+03
  224 0.0000e+00 -Inf       0.0000e+00 -1.0909e+03
  225 0.0000e+00 -Inf       0.0000e+00 -1.0967e+03
  226 0.0000e+00 -Inf       0.0000e+00 -1.1026e+03
  227 0.0000e+00 -Inf       0.0000e+00 -1.1085e+03
  228 0.0000e+00 -Inf       0.0000e+00 -1.1143e+03
  229 0.0000e+00 -Inf       0.0000e+00 -1.1202e+03
  230 0.0000e+00 -Inf       0.0000e+00 -1.1261e+03
  231 0.0000e+00 -Inf       0.0000e+00 -1.1320e+03
  232 0.0000e+00 -Inf       0.0000e+00 -1.1378e+03
  233 0.0000e+00 -Inf       0.0000e+00 -1.1437e+03
  234 0.0000e+00 -Inf       0.0000e+00 -1.1496e+03
  235 0.0000e+00 -Inf       0.0000e+00 -1.1555e+03
  236 0.0000e+00 -Inf       0.0000e+00 -1.1614e+03
  237 0.0000e+00 -Inf       0.0000e+00 -1.1673e+03
  238 0.0000e+00 -Inf       0.0000e+00 -1.1732e+03
  239 0.0000e+00 -Inf       0.0000e+00 -1.1792e+03
  240 0.0000e+00 -Inf       0.0000e+00 -1.1851e+03
  241 0.0000e+00 -Inf       0.0000e+00 -1.1910e+03
  242 0.0000e+00 -Inf       0.0000e+00 -1.1969e+03
  243 0.0000e+00 -Inf       0.0000e+00 -1.2029e+03
  244 0.0000e+00 -Inf       0.0000e+00 -1.2088e+03
  245 0.0000e+00 -Inf       0.0000e+00 -1.2147e+03
  246 0.0000e+00 -Inf       0.0000e+00 -1.2207e+03
  247 0.0000e+00 -Inf       0.0000e+00 -1.2266e+03
  248 0.0000e+00 -Inf       0.0000e+00 -1.2326e+03
  249 0.0000e+00 -Inf       0.0000e+00 -1.2385e+03
  250 0.0000e+00 -Inf       0.0000e+00 -1.2445e+03
  251 0.0000e+00 -Inf       0.0000e+00 -1.2505e+03
  252 0.0000e+00 -Inf       0.0000e+00 -1.2564e+03
  253 0.0000e+00 -Inf       0.0000e+00 -1.2624e+03
  254 0.0000e+00 -Inf       0.0000e+00 -1.2684e+03
  255 0.0000e+00 -Inf       0.0000e+00 -1.2744e+03
  256 0.0000e+00 -Inf       0.0000e+00 -1.2804e+03
  257 0.0000e+00 -Inf       0.0000e+00 -1.2863e+03
  258 0.0000e+00 -Inf       0.0000e+00 -1.2923e+03
  259 0.0000e+00 -Inf       0.0000e+00 -1.2983e+03
  260 0.0000e+00 -Inf       0.0000e+00 -1.3043e+03
  261 0.0000e+00 -Inf       0.0000e+00 -1.3103e+03
  262 0.0000e+00 -Inf       0.0000e+00 -1.3163e+03
  263 0.0000e+00 -Inf       0.0000e+00 -1.3224e+03
  264 0.0000e+00 -Inf       0.0000e+00 -1.3284e+03
  265 0.0000e+00 -Inf       0.0000e+00 -1.3344e+03
  266 0.0000e+00 -Inf       0.0000e+00 -1.3404e+03
  267 0.0000e+00 -Inf       0.0000e+00 -1.3464e+03
  268 0.0000e+00 -Inf       0.0000e+00 -1.3525e+03
  269 0.0000e+00 -Inf       0.0000e+00 -1.3585e+03
  270 0.0000e+00 -Inf       0.0000e+00 -1.3645e+03
  271 0.0000e+00 -Inf       0.0000e+00 -1.3706e+03
  272 0.0000e+00 -Inf       0.0000e+00 -1.3766e+03
  273 0.0000e+00 -Inf       0.0000e+00 -1.3827e+03
  274 0.0000e+00 -Inf       0.0000e+00 -1.3887e+03
  275 0.0000e+00 -Inf       0.0000e+00 -1.3948e+03
  276 0.0000e+00 -Inf       0.0000e+00 -1.4008e+03
  277 0.0000e+00 -Inf       0.0000e+00 -1.4069e+03
  278 0.0000e+00 -Inf       0.0000e+00 -1.4130e+03
  279 0.0000e+00 -Inf       0.0000e+00 -1.4190e+03
  280 0.0000e+00 -Inf       0.0000e+00 -1.4251e+03
  281 0.0000e+00 -Inf       0.0000e+00 -1.4312e+03
  282 0.0000e+00 -Inf       0.0000e+00 -1.4373e+03
  283 0.0000e+00 -Inf       0.0000e+00 -1.4434e+03
  284 0.0000e+00 -Inf       0.0000e+00 -1.4495e+03
  285 0.0000e+00 -Inf       0.0000e+00 -1.4555e+03
  286 0.0000e+00 -Inf       0.0000e+00 -1.4616e+03
  287 0.0000e+00 -Inf       0.0000e+00 -1.4677e+03
  288 0.0000e+00 -Inf       0.0000e+00 -1.4738e+03
  289 0.0000e+00 -Inf       0.0000e+00 -1.4799e+03
  290 0.0000e+00 -Inf       0.0000e+00 -1.4861e+03
  291 0.0000e+00 -Inf       0.0000e+00 -1.4922e+03
  292 0.0000e+00 -Inf       0.0000e+00 -1.4983e+03
  293 0.0000e+00 -Inf       0.0000e+00 -1.5044e+03
  294 0.0000e+00 -Inf       0.0000e+00 -1.5105e+03
  295 0.0000e+00 -Inf       0.0000e+00 -1.5167e+03
  296 0.0000e+00 -Inf       0.0000e+00 -1.5228e+03
  297 0.0000e+00 -Inf       0.0000e+00 -1.5289e+03
  298 0.0000e+00 -Inf       0.0000e+00 -1.5350e+03
  299 0.0000e+00 -Inf       0.0000e+00 -1.5412e+03
  300 0.0000e+00 -Inf       0.0000e+00 -1.5473e+03
  301 0.0000e+00 -Inf       0.0000e+00 -1.5535e+03
  302 0.0000e+00 -Inf       0.0000e+00 -1.5596e+03
  303 0.0000e+00 -Inf       0.0000e+00 -1.5658e+03
  304 0.0000e+00 -Inf       0.0000e+00 -1.5719e+03
  305 0.0000e+00 -Inf       0.0000e+00 -1.5781e+03
  306 0.0000e+00 -Inf       0.0000e+00 -1.5843e+03
  307 0.0000e+00 -Inf       0.0000e+00 -1.5904e+03
  308 0.0000e+00 -Inf       0.0000e+00 -1.5966e+03
  309 0.0000e+00 -Inf       0.0000e+00 -1.6028e+03
  310 0.0000e+00 -Inf       0.0000e+00 -1.6089e+03
  311 0.0000e+00 -Inf       0.0000e+00 -1.6151e+03
  312 0.0000e+00 -Inf       0.0000e+00 -1.6213e+03
  313 0.0000e+00 -Inf       0.0000e+00 -1.6275e+03
  314 0.0000e+00 -Inf       0.0000e+00 -1.6337e+03
  315 0.0000e+00 -Inf       0.0000e+00 -1.6399e+03
  316 0.0000e+00 -Inf       0.0000e+00 -1.6461e+03
  317 0.0000e+00 -Inf       0.0000e+00 -1.6523e+03
  318 0.0000e+00 -Inf       0.0000e+00 -1.6585e+03
  319 0.0000e+00 -Inf       0.0000e+00 -1.6647e+03
  320 0.0000e+00 -Inf       0.0000e+00 -1.6709e+03
  321 0.0000e+00 -Inf       0.0000e+00 -1.6771e+03
  322 0.0000e+00 -Inf       0.0000e+00 -1.6833e+03
  323 0.0000e+00 -Inf       0.0000e+00 -1.6895e+03
  324 0.0000e+00 -Inf       0.0000e+00 -1.6957e+03
  325 0.0000e+00 -Inf       0.0000e+00 -1.7020e+03
  326 0.0000e+00 -Inf       0.0000e+00 -1.7082e+03
  327 0.0000e+00 -Inf       0.0000e+00 -1.7144e+03
  328 0.0000e+00 -Inf       0.0000e+00 -1.7207e+03
  329 0.0000e+00 -Inf       0.0000e+00 -1.7269e+03
  330 0.0000e+00 -Inf       0.0000e+00 -1.7331e+03
  331 0.0000e+00 -Inf       0.0000e+00 -1.7394e+03
  332 0.0000e+00 -Inf       0.0000e+00 -1.7456e+03
  333 0.0000e+00 -Inf       0.0000e+00 -1.7519e+03
  334 0.0000e+00 -Inf       0.0000e+00 -1.7581e+03
  335 0.0000e+00 -Inf       0.0000e+00 -1.7644e+03
  336 0.0000e+00 -Inf       0.0000e+00 -1.7706e+03
  337 0.0000e+00 -Inf       0.0000e+00 -1.7769e+03
  338 0.0000e+00 -Inf       0.0000e+00 -1.7831e+03
  339 0.0000e+00 -Inf       0.0000e+00 -1.7894e+03
  340 0.0000e+00 -Inf       0.0000e+00 -1.7957e+03
  341 0.0000e+00 -Inf       0.0000e+00 -1.8019e+03
  342 0.0000e+00 -Inf       0.0000e+00 -1.8082e+03
  343 0.0000e+00 -Inf       0.0000e+00 -1.8145e+03
  344 0.0000e+00 -Inf       0.0000e+00 -1.8208e+03
  345 0.0000e+00 -Inf       0.0000e+00 -1.8271e+03
  346 0.0000e+00 -Inf       0.0000e+00 -1.8333e+03
  347 0.0000e+00 -Inf       0.0000e+00 -1.8396e+03
  348 0.0000e+00 -Inf       0.0000e+00 -1.8459e+03
  349 0.0000e+00 -Inf       0.0000e+00 -1.8522e+03
  350 0.0000e+00 -Inf       0.0000e+00 -1.8585e+03
  351 0.0000e+00 -Inf       0.0000e+00 -1.8648e+03
  352 0.0000e+00 -Inf       0.0000e+00 -1.8711e+03
  353 0.0000e+00 -Inf       0.0000e+00 -1.8774e+03
  354 0.0000e+00 -Inf       0.0000e+00 -1.8837e+03
  355 0.0000e+00 -Inf       0.0000e+00 -1.8900e+03
  356 0.0000e+00 -Inf       0.0000e+00 -1.8964e+03
  357 0.0000e+00 -Inf       0.0000e+00 -1.9027e+03
  358 0.0000e+00 -Inf       0.0000e+00 -1.9090e+03
  359 0.0000e+00 -Inf       0.0000e+00 -1.9153e+03
  360 0.0000e+00 -Inf       0.0000e+00 -1.9216e+03
  361 0.0000e+00 -Inf       0.0000e+00 -1.9280e+03
  362 0.0000e+00 -Inf       0.0000e+00 -1.9343e+03
  363 0.0000e+00 -Inf       0.0000e+00 -1.9406e+03
  364 0.0000e+00 -Inf       0.0000e+00 -1.9470e+03
  365 0.0000e+00 -Inf       0.0000e+00 -1.9533e+03
  366 0.0000e+00 -Inf       0.0000e+00 -1.9597e+03
  367 0.0000e+00 -Inf       0.0000e+00 -1.9660e+03
  368 0.0000e+00 -Inf       0.0000e+00 -1.9723e+03
  369 0.0000e+00 -Inf       0.0000e+00 -1.9787e+03
  370 0.0000e+00 -Inf       0.0000e+00 -1.9850e+03
  371 0.0000e+00 -Inf       0.0000e+00 -1.9914e+03
  372 0.0000e+00 -Inf       0.0000e+00 -1.9978e+03
  373 0.0000e+00 -Inf       0.0000e+00 -2.0041e+03
  374 0.0000e+00 -Inf       0.0000e+00 -2.0105e+03
  375 0.0000e+00 -Inf       0.0000e+00 -2.0169e+03
  376 0.0000e+00 -Inf       0.0000e+00 -2.0232e+03
  377 0.0000e+00 -Inf       0.0000e+00 -2.0296e+03
  378 0.0000e+00 -Inf       0.0000e+00 -2.0360e+03
  379 0.0000e+00 -Inf       0.0000e+00 -2.0423e+03
  380 0.0000e+00 -Inf       0.0000e+00 -2.0487e+03
  381 0.0000e+00 -Inf       0.0000e+00 -2.0551e+03
  382 0.0000e+00 -Inf       0.0000e+00 -2.0615e+03
  383 0.0000e+00 -Inf       0.0000e+00 -2.0679e+03
  384 0.0000e+00 -Inf       0.0000e+00 -2.0743e+03
  385 0.0000e+00 -Inf       0.0000e+00 -2.0807e+03
  386 0.0000e+00 -Inf       0.0000e+00 -2.0871e+03
  387 0.0000e+00 -Inf       0.0000e+00 -2.0935e+03
  388 0.0000e+00 -Inf       0.0000e+00 -2.0999e+03
  389 0.0000e+00 -Inf       0.0000e+00 -2.1063e+03
  390 0.0000e+00 -Inf       0.0000e+00 -2.1127e+03
  391 0.0000e+00 -Inf       0.0000e+00 -2.1191e+03
  392 0.0000e+00 -Inf       0.0000e+00 -2.1255e+03
  393 0.0000e+00 -Inf       0.0000e+00 -2.1319e+03
  394 0.0000e+00 -Inf       0.0000e+00 -2.1383e+03
  395 0.0000e+00 -Inf       0.0000e+00 -2.1447e+03
  396 0.0000e+00 -Inf       0.0000e+00 -2.1511e+03
  397 0.0000e+00 -Inf       0.0000e+00 -2.1576e+03
  398 0.0000e+00 -Inf       0.0000e+00 -2.1640e+03
  399 0.0000e+00 -Inf       0.0000e+00 -2.1704e+03
  400 0.0000e+00 -Inf       0.0000e+00 -2.1769e+03
  401 0.0000e+00 -Inf       0.0000e+00 -2.1833e+03
  402 0.0000e+00 -Inf       0.0000e+00 -2.1897e+03
  403 0.0000e+00 -Inf       0.0000e+00 -2.1962e+03
  404 0.0000e+00 -Inf       0.0000e+00 -2.2026e+03
  405 0.0000e+00 -Inf       0.0000e+00 -2.2090e+03
  406 0.0000e+00 -Inf       0.0000e+00 -2.2155e+03
  407 0.0000e+00 -Inf       0.0000e+00 -2.2219e+03
  408 0.0000e+00 -Inf       0.0000e+00 -2.2284e+03
  409 0.0000e+00 -Inf       0.0000e+00 -2.2348e+03
  410 0.0000e+00 -Inf       0.0000e+00 -2.2413e+03
  411 0.0000e+00 -Inf       0.0000e+00 -2.2478e+03
  412 0.0000e+00 -Inf       0.0000e+00 -2.2542e+03
  413 0.0000e+00 -Inf       0.0000e+00 -2.2607e+03
  414 0.0000e+00 -Inf       0.0000e+00 -2.2671e+03
  415 0.0000e+00 -Inf       0.0000e+00 -2.2736e+03
  416 0.0000e+00 -Inf       0.0000e+00 -2.2801e+03
  417 0.0000e+00 -Inf       0.0000e+00 -2.2866e+03
  418 0.0000e+00 -Inf       0.0000e+00 -2.2930e+03
  419 0.0000e+00 -Inf       0.0000e+00 -2.2995e+03
  420 0.0000e+00 -Inf       0.0000e+00 -2.3060e+03
  421 0.0000e+00 -Inf       0.0000e+00 -2.3125e+03
  422 0.0000e+00 -Inf       0.0000e+00 -2.3190e+03
  423 0.0000e+00 -Inf       0.0000e+00 -2.3254e+03
  424 0.0000e+00 -Inf       0.0000e+00 -2.3319e+03
  425 0.0000e+00 -Inf       0.0000e+00 -2.3384e+03
  426 0.0000e+00 -Inf       0.0000e+00 -2.3449e+03
  427 0.0000e+00 -Inf       0.0000e+00 -2.3514e+03
  428 0.0000e+00 -Inf       0.0000e+00 -2.3579e+03
  429 0.0000e+00 -Inf       0.0000e+00 -2.3644e+03
  430 0.0000e+00 -Inf       0.0000e+00 -2.3709e+03
  431 0.0000e+00 -Inf       0.0000e+00 -2.3774e+03
  432 0.0000e+00 -Inf       0.0000e+00 -2.3839e+03
  433 0.0000e+00 -Inf       0.0000e+00 -2.3904e+03
  434 0.0000e+00 -Inf       0.0000e+00 -2.3969e+03
  435 0.0000e+00 -Inf       0.0000e+00 -2.4035e+03
  436 0.0000e+00 -Inf       0.0000e+00 -2.4100e+03
  437 0.0000e+00 -Inf       0.0000e+00 -2.4165e+03
  438 0.0000e+00 -Inf       0.0000e+00 -2.4230e+03
  439 0.0000e+00 -Inf       0.0000e+00 -2.4295e+03
  440 0.0000e+00 -Inf       0.0000e+00 -2.4361e+03
  441 0.0000e+00 -Inf       0.0000e+00 -2.4426e+03
  442 0.0000e+00 -Inf       0.0000e+00 -2.4491e+03
  443 0.0000e+00 -Inf       0.0000e+00 -2.4557e+03
  444 0.0000e+00 -Inf       0.0000e+00 -2.4622e+03
  445 0.0000e+00 -Inf       0.0000e+00 -2.4687e+03
  446 0.0000e+00 -Inf       0.0000e+00 -2.4753e+03
  447 0.0000e+00 -Inf       0.0000e+00 -2.4818e+03
  448 0.0000e+00 -Inf       0.0000e+00 -2.4884e+03
  449 0.0000e+00 -Inf       0.0000e+00 -2.4949e+03
  450 0.0000e+00 -Inf       0.0000e+00 -2.5015e+03
  451 0.0000e+00 -Inf       0.0000e+00 -2.5080e+03
  452 0.0000e+00 -Inf       0.0000e+00 -2.5146e+03
  453 0.0000e+00 -Inf       0.0000e+00 -2.5211e+03
  454 0.0000e+00 -Inf       0.0000e+00 -2.5277e+03
  455 0.0000e+00 -Inf       0.0000e+00 -2.5342e+03
  456 0.0000e+00 -Inf       0.0000e+00 -2.5408e+03
  457 0.0000e+00 -Inf       0.0000e+00 -2.5474e+03
  458 0.0000e+00 -Inf       0.0000e+00 -2.5539e+03
  459 0.0000e+00 -Inf       0.0000e+00 -2.5605e+03
  460 0.0000e+00 -Inf       0.0000e+00 -2.5671e+03
  461 0.0000e+00 -Inf       0.0000e+00 -2.5736e+03
  462 0.0000e+00 -Inf       0.0000e+00 -2.5802e+03
  463 0.0000e+00 -Inf       0.0000e+00 -2.5868e+03
  464 0.0000e+00 -Inf       0.0000e+00 -2.5934e+03
  465 0.0000e+00 -Inf       0.0000e+00 -2.5999e+03
  466 0.0000e+00 -Inf       0.0000e+00 -2.6065e+03
  467 0.0000e+00 -Inf       0.0000e+00 -2.6131e+03
  468 0.0000e+00 -Inf       0.0000e+00 -2.6197e+03
  469 0.0000e+00 -Inf       0.0000e+00 -2.6263e+03
  470 0.0000e+00 -Inf       0.0000e+00 -2.6329e+03
  471 0.0000e+00 -Inf       0.0000e+00 -2.6395e+03
  472 0.0000e+00 -Inf       0.0000e+00 -2.6461e+03
  473 0.0000e+00 -Inf       0.0000e+00 -2.6527e+03
  474 0.0000e+00 -Inf       0.0000e+00 -2.6593e+03
  475 0.0000e+00 -Inf       0.0000e+00 -2.6659e+03
  476 0.0000e+00 -Inf       0.0000e+00 -2.6725e+03
  477 0.0000e+00 -Inf       0.0000e+00 -2.6791e+03
  478 0.0000e+00 -Inf       0.0000e+00 -2.6857e+03
  479 0.0000e+00 -Inf       0.0000e+00 -2.6923e+03
  480 0.0000e+00 -Inf       0.0000e+00 -2.6989e+03
  481 0.0000e+00 -Inf       0.0000e+00 -2.7055e+03
  482 0.0000e+00 -Inf       0.0000e+00 -2.7122e+03
  483 0.0000e+00 -Inf       0.0000e+00 -2.7188e+03
  484 0.0000e+00 -Inf       0.0000e+00 -2.7254e+03
  485 0.0000e+00 -Inf       0.0000e+00 -2.7320e+03
  486 0.0000e+00 -Inf       0.0000e+00 -2.7386e+03
  487 0.0000e+00 -Inf       0.0000e+00 -2.7453e+03
  488 0.0000e+00 -Inf       0.0000e+00 -2.7519e+03
  489 0.0000e+00 -Inf       0.0000e+00 -2.7585e+03
  490 0.0000e+00 -Inf       0.0000e+00 -2.7652e+03
  491 0.0000e+00 -Inf       0.0000e+00 -2.7718e+03
  492 0.0000e+00 -Inf       0.0000e+00 -2.7784e+03
  493 0.0000e+00 -Inf       0.0000e+00 -2.7851e+03
  494 0.0000e+00 -Inf       0.0000e+00 -2.7917e+03
  495 0.0000e+00 -Inf       0.0000e+00 -2.7984e+03
  496 0.0000e+00 -Inf       0.0000e+00 -2.8050e+03
  497 0.0000e+00 -Inf       0.0000e+00 -2.8117e+03
  498 0.0000e+00 -Inf       0.0000e+00 -2.8183e+03
  499 0.0000e+00 -Inf       0.0000e+00 -2.8250e+03
  500 0.0000e+00 -Inf       0.0000e+00 -2.8316e+03
  501 0.0000e+00 -Inf       0.0000e+00 -2.8383e+03
  502 0.0000e+00 -Inf       0.0000e+00 -2.8449e+03
  503 0.0000e+00 -Inf       0.0000e+00 -2.8516e+03
  504 0.0000e+00 -Inf       0.0000e+00 -2.8582e+03
  505 0.0000e+00 -Inf       0.0000e+00 -2.8649e+03
  506 0.0000e+00 -Inf       0.0000e+00 -2.8716e+03
  507 0.0000e+00 -Inf       0.0000e+00 -2.8782e+03
  508 0.0000e+00 -Inf       0.0000e+00 -2.8849e+03
  509 0.0000e+00 -Inf       0.0000e+00 -2.8916e+03
  510 0.0000e+00 -Inf       0.0000e+00 -2.8983e+03
  511 0.0000e+00 -Inf       0.0000e+00 -2.9049e+03
  512 0.0000e+00 -Inf       0.0000e+00 -2.9116e+03
  513 0.0000e+00 -Inf       0.0000e+00 -2.9183e+03
  514 0.0000e+00 -Inf       0.0000e+00 -2.9250e+03
  515 0.0000e+00 -Inf       0.0000e+00 -2.9317e+03
  516 0.0000e+00 -Inf       0.0000e+00 -2.9383e+03
  517 0.0000e+00 -Inf       0.0000e+00 -2.9450e+03
  518 0.0000e+00 -Inf       0.0000e+00 -2.9517e+03
  519 0.0000e+00 -Inf       0.0000e+00 -2.9584e+03
  520 0.0000e+00 -Inf       0.0000e+00 -2.9651e+03
  521 0.0000e+00 -Inf       0.0000e+00 -2.9718e+03
  522 0.0000e+00 -Inf       0.0000e+00 -2.9785e+03
  523 0.0000e+00 -Inf       0.0000e+00 -2.9852e+03
  524 0.0000e+00 -Inf       0.0000e+00 -2.9919e+03
  525 0.0000e+00 -Inf       0.0000e+00 -2.9986e+03
  526 0.0000e+00 -Inf       0.0000e+00 -3.0053e+03
  527 0.0000e+00 -Inf       0.0000e+00 -3.0120e+03
  528 0.0000e+00 -Inf       0.0000e+00 -3.0187e+03
  529 0.0000e+00 -Inf       0.0000e+00 -3.0254e+03
  530 0.0000e+00 -Inf       0.0000e+00 -3.0321e+03
  531 0.0000e+00 -Inf       0.0000e+00 -3.0389e+03
  532 0.0000e+00 -Inf       0.0000e+00 -3.0456e+03
  533 0.0000e+00 -Inf       0.0000e+00 -3.0523e+03
  534 0.0000e+00 -Inf       0.0000e+00 -3.0590e+03
  535 0.0000e+00 -Inf       0.0000e+00 -3.0657e+03
  536 0.0000e+00 -Inf       0.0000e+00 -3.0725e+03
  537 0.0000e+00 -Inf       0.0000e+00 -3.0792e+03
  538 0.0000e+00 -Inf       0.0000e+00 -3.0859e+03
  539 0.0000e+00 -Inf       0.0000e+00 -3.0926e+03
  540 0.0000e+00 -Inf       0.0000e+00 -3.0994e+03
  541 0.0000e+00 -Inf       0.0000e+00 -3.1061e+03
  542 0.0000e+00 -Inf       0.0000e+00 -3.1128e+03
  543 0.0000e+00 -Inf       0.0000e+00 -3.1196e+03
  544 0.0000e+00 -Inf       0.0000e+00 -3.1263e+03
  545 0.0000e+00 -Inf       0.0000e+00 -3.1330e+03
  546 0.0000e+00 -Inf       0.0000e+00 -3.1398e+03
  547 0.0000e+00 -Inf       0.0000e+00 -3.1465e+03
  548 0.0000e+00 -Inf       0.0000e+00 -3.1533e+03
  549 0.0000e+00 -Inf       0.0000e+00 -3.1600e+03
  550 0.0000e+00 -Inf       0.0000e+00 -3.1668e+03
  551 0.0000e+00 -Inf       0.0000e+00 -3.1735e+03
  552 0.0000e+00 -Inf       0.0000e+00 -3.1803e+03
  553 0.0000e+00 -Inf       0.0000e+00 -3.1870e+03
  554 0.0000e+00 -Inf       0.0000e+00 -3.1938e+03
  555 0.0000e+00 -Inf       0.0000e+00 -3.2005e+03
  556 0.0000e+00 -Inf       0.0000e+00 -3.2073e+03
  557 0.0000e+00 -Inf       0.0000e+00 -3.2141e+03
  558 0.0000e+00 -Inf       0.0000e+00 -3.2208e+03
  559 0.0000e+00 -Inf       0.0000e+00 -3.2276e+03
  560 0.0000e+00 -Inf       0.0000e+00 -3.2344e+03
  561 0.0000e+00 -Inf       0.0000e+00 -3.2411e+03
  562 0.0000e+00 -Inf       0.0000e+00 -3.2479e+03
  563 0.0000e+00 -Inf       0.0000e+00 -3.2547e+03
  564 0.0000e+00 -Inf       0.0000e+00 -3.2615e+03
  565 0.0000e+00 -Inf       0.0000e+00 -3.2682e+03
  566 0.0000e+00 -Inf       0.0000e+00 -3.2750e+03
  567 0.0000e+00 -Inf       0.0000e+00 -3.2818e+03
  568 0.0000e+00 -Inf       0.0000e+00 -3.2886e+03
  569 0.0000e+00 -Inf       0.0000e+00 -3.2954e+03
  570 0.0000e+00 -Inf       0.0000e+00 -3.3021e+03
  571 0.0000e+00 -Inf       0.0000e+00 -3.3089e+03
  572 0.0000e+00 -Inf       0.0000e+00 -3.3157e+03
  573 0.0000e+00 -Inf       0.0000e+00 -3.3225e+03
  574 0.0000e+00 -Inf       0.0000e+00 -3.3293e+03
  575 0.0000e+00 -Inf       0.0000e+00 -3.3361e+03
  576 0.0000e+00 -Inf       0.0000e+00 -3.3429e+03
  577 0.0000e+00 -Inf       0.0000e+00 -3.3497e+03
  578 0.0000e+00 -Inf       0.0000e+00 -3.3565e+03
  579 0.0000e+00 -Inf       0.0000e+00 -3.3633e+03
  580 0.0000e+00 -Inf       0.0000e+00 -3.3701e+03
  581 0.0000e+00 -Inf       0.0000e+00 -3.3769e+03
  582 0.0000e+00 -Inf       0.0000e+00 -3.3837e+03
  583 0.0000e+00 -Inf       0.0000e+00 -3.3905e+03
  584 0.0000e+00 -Inf       0.0000e+00 -3.3973e+03
  585 0.0000e+00 -Inf       0.0000e+00 -3.4041e+03
  586 0.0000e+00 -Inf       0.0000e+00 -3.4109e+03
  587 0.0000e+00 -Inf       0.0000e+00 -3.4177e+03
  588 0.0000e+00 -Inf       0.0000e+00 -3.4246e+03
  589 0.0000e+00 -Inf       0.0000e+00 -3.4314e+03
  590 0.0000e+00 -Inf       0.0000e+00 -3.4382e+03
  591 0.0000e+00 -Inf       0.0000e+00 -3.4450e+03
  592 0.0000e+00 -Inf       0.0000e+00 -3.4518e+03
  593 0.0000e+00 -Inf       0.0000e+00 -3.4587e+03
  594 0.0000e+00 -Inf       0.0000e+00 -3.4655e+03
  595 0.0000e+00 -Inf       0.0000e+00 -3.4723e+03
  596 0.0000e+00 -Inf       0.0000e+00 -3.4791e+03
  597 0.0000e+00 -Inf       0.0000e+00 -3.4860e+03
  598 0.0000e+00 -Inf       0.0000e+00 -3.4928e+03
  599 0.0000e+00 -Inf       0.0000e+00 -3.4996e+03
  600 0.0000e+00 -Inf       0.0000e+00 -3.5065e+03
  601 0.0000e+00 -Inf       0.0000e+00 -3.5133e+03
  602 0.0000e+00 -Inf       0.0000e+00 -3.5202e+03
  603 0.0000e+00 -Inf       0.0000e+00 -3.5270e+03
  604 0.0000e+00 -Inf       0.0000e+00 -3.5338e+03
  605 0.0000e+00 -Inf       0.0000e+00 -3.5407e+03
  606 0.0000e+00 -Inf       0.0000e+00 -3.5475e+03
  607 0.0000e+00 -Inf       0.0000e+00 -3.5544e+03
  608 0.0000e+00 -Inf       0.0000e+00 -3.5612e+03
  609 0.0000e+00 -Inf       0.0000e+00 -3.5681e+03
  610 0.0000e+00 -Inf       0.0000e+00 -3.5749e+03
  611 0.0000e+00 -Inf       0.0000e+00 -3.5818e+03
  612 0.0000e+00 -Inf       0.0000e+00 -3.5886e+03
  613 0.0000e+00 -Inf       0.0000e+00 -3.5955e+03
  614 0.0000e+00 -Inf       0.0000e+00 -3.6024e+03
  615 0.0000e+00 -Inf       0.0000e+00 -3.6092e+03
  616 0.0000e+00 -Inf       0.0000e+00 -3.6161e+03
  617 0.0000e+00 -Inf       0.0000e+00 -3.6230e+03
  618 0.0000e+00 -Inf       0.0000e+00 -3.6298e+03
  619 0.0000e+00 -Inf       0.0000e+00 -3.6367e+03
  620 0.0000e+00 -Inf       0.0000e+00 -3.6436e+03
  621 0.0000e+00 -Inf       0.0000e+00 -3.6504e+03
  622 0.0000e+00 -Inf       0.0000e+00 -3.6573e+03
  623 0.0000e+00 -Inf       0.0000e+00 -3.6642e+03
  624 0.0000e+00 -Inf       0.0000e+00 -3.6710e+03
  625 0.0000e+00 -Inf       0.0000e+00 -3.6779e+03
  626 0.0000e+00 -Inf       0.0000e+00 -3.6848e+03
  627 0.0000e+00 -Inf       0.0000e+00 -3.6917e+03
  628 0.0000e+00 -Inf       0.0000e+00 -3.6986e+03
  629 0.0000e+00 -Inf       0.0000e+00 -3.7054e+03
  630 0.0000e+00 -Inf       0.0000e+00 -3.7123e+03
  631 0.0000e+00 -Inf       0.0000e+00 -3.7192e+03
  632 0.0000e+00 -Inf       0.0000e+00 -3.7261e+03
  633 0.0000e+00 -Inf       0.0000e+00 -3.7330e+03
  634 0.0000e+00 -Inf       0.0000e+00 -3.7399e+03
  635 0.0000e+00 -Inf       0.0000e+00 -3.7468e+03
  636 0.0000e+00 -Inf       0.0000e+00 -3.7537e+03
  637 0.0000e+00 -Inf       0.0000e+00 -3.7606e+03
  638 0.0000e+00 -Inf       0.0000e+00 -3.7675e+03
  639 0.0000e+00 -Inf       0.0000e+00 -3.7744e+03
  640 0.0000e+00 -Inf       0.0000e+00 -3.7813e+03
  641 0.0000e+00 -Inf       0.0000e+00 -3.7882e+03
  642 0.0000e+00 -Inf       0.0000e+00 -3.7951e+03
  643 0.0000e+00 -Inf       0.0000e+00 -3.8020e+03
  644 0.0000e+00 -Inf       0.0000e+00 -3.8089e+03
  645 0.0000e+00 -Inf       0.0000e+00 -3.8158e+03
  646 0.0000e+00 -Inf       0.0000e+00 -3.8227e+03
  647 0.0000e+00 -Inf       0.0000e+00 -3.8296e+03
  648 0.0000e+00 -Inf       0.0000e+00 -3.8365e+03
  649 0.0000e+00 -Inf       0.0000e+00 -3.8434e+03
  650 0.0000e+00 -Inf       0.0000e+00 -3.8504e+03
  651 0.0000e+00 -Inf       0.0000e+00 -3.8573e+03
  652 0.0000e+00 -Inf       0.0000e+00 -3.8642e+03
  653 0.0000e+00 -Inf       0.0000e+00 -3.8711e+03
  654 0.0000e+00 -Inf       0.0000e+00 -3.8780e+03
  655 0.0000e+00 -Inf       0.0000e+00 -3.8850e+03
  656 0.0000e+00 -Inf       0.0000e+00 -3.8919e+03
  657 0.0000e+00 -Inf       0.0000e+00 -3.8988e+03
  658 0.0000e+00 -Inf       0.0000e+00 -3.9057e+03
  659 0.0000e+00 -Inf       0.0000e+00 -3.9127e+03
  660 0.0000e+00 -Inf       0.0000e+00 -3.9196e+03
  661 0.0000e+00 -Inf       0.0000e+00 -3.9265e+03
  662 0.0000e+00 -Inf       0.0000e+00 -3.9335e+03
  663 0.0000e+00 -Inf       0.0000e+00 -3.9404e+03
  664 0.0000e+00 -Inf       0.0000e+00 -3.9474e+03
  665 0.0000e+00 -Inf       0.0000e+00 -3.9543e+03
  666 0.0000e+00 -Inf       0.0000e+00 -3.9612e+03
  667 0.0000e+00 -Inf       0.0000e+00 -3.9682e+03
  668 0.0000e+00 -Inf       0.0000e+00 -3.9751e+03
  669 0.0000e+00 -Inf       0.0000e+00 -3.9821e+03
  670 0.0000e+00 -Inf       0.0000e+00 -3.9890e+03
  671 0.0000e+00 -Inf       0.0000e+00 -3.9960e+03
  672 0.0000e+00 -Inf       0.0000e+00 -4.0029e+03
  673 0.0000e+00 -Inf       0.0000e+00 -4.0099e+03
  674 0.0000e+00 -Inf       0.0000e+00 -4.0168e+03
  675 0.0000e+00 -Inf       0.0000e+00 -4.0238e+03
  676 0.0000e+00 -Inf       0.0000e+00 -4.0307e+03
  677 0.0000e+00 -Inf       0.0000e+00 -4.0377e+03
  678 0.0000e+00 -Inf       0.0000e+00 -4.0446e+03
  679 0.0000e+00 -Inf       0.0000e+00 -4.0516e+03
  680 0.0000e+00 -Inf       0.0000e+00 -4.0586e+03
  681 0.0000e+00 -Inf       0.0000e+00 -4.0655e+03
  682 0.0000e+00 -Inf       0.0000e+00 -4.0725e+03
  683 0.0000e+00 -Inf       0.0000e+00 -4.0794e+03
  684 0.0000e+00 -Inf       0.0000e+00 -4.0864e+03
  685 0.0000e+00 -Inf       0.0000e+00 -4.0934e+03
  686 0.0000e+00 -Inf       0.0000e+00 -4.1004e+03
  687 0.0000e+00 -Inf       0.0000e+00 -4.1073e+03
  688 0.0000e+00 -Inf       0.0000e+00 -4.1143e+03
  689 0.0000e+00 -Inf       0.0000e+00 -4.1213e+03
  690 0.0000e+00 -Inf       0.0000e+00 -4.1282e+03
  691 0.0000e+00 -Inf       0.0000e+00 -4.1352e+03
  692 0.0000e+00 -Inf       0.0000e+00 -4.1422e+03
  693 0.0000e+00 -Inf       0.0000e+00 -4.1492e+03
  694 0.0000e+00 -Inf       0.0000e+00 -4.1562e+03
  695 0.0000e+00 -Inf       0.0000e+00 -4.1631e+03
  696 0.0000e+00 -Inf       0.0000e+00 -4.1701e+03
  697 0.0000e+00 -Inf       0.0000e+00 -4.1771e+03
  698 0.0000e+00 -Inf       0.0000e+00 -4.1841e+03
  699 0.0000e+00 -Inf       0.0000e+00 -4.1911e+03
  700 0.0000e+00 -Inf       0.0000e+00 -4.1981e+03
  701 0.0000e+00 -Inf       0.0000e+00 -4.2051e+03
  702 0.0000e+00 -Inf       0.0000e+00 -4.2121e+03
  703 0.0000e+00 -Inf       0.0000e+00 -4.2191e+03
  704 0.0000e+00 -Inf       0.0000e+00 -4.2261e+03
  705 0.0000e+00 -Inf       0.0000e+00 -4.2331e+03
  706 0.0000e+00 -Inf       0.0000e+00 -4.2401e+03
  707 0.0000e+00 -Inf       0.0000e+00 -4.2471e+03
  708 0.0000e+00 -Inf       0.0000e+00 -4.2541e+03
  709 0.0000e+00 -Inf       0.0000e+00 -4.2611e+03
  710 0.0000e+00 -Inf       0.0000e+00 -4.2681e+03
  711 0.0000e+00 -Inf       0.0000e+00 -4.2751e+03
  712 0.0000e+00 -Inf       0.0000e+00 -4.2821e+03
  713 0.0000e+00 -Inf       0.0000e+00 -4.2891e+03
  714 0.0000e+00 -Inf       0.0000e+00 -4.2961e+03
  715 0.0000e+00 -Inf       0.0000e+00 -4.3031e+03
  716 0.0000e+00 -Inf       0.0000e+00 -4.3101e+03
  717 0.0000e+00 -Inf       0.0000e+00 -4.3171e+03
  718 0.0000e+00 -Inf       0.0000e+00 -4.3242e+03
  719 0.0000e+00 -Inf       0.0000e+00 -4.3312e+03
  720 0.0000e+00 -Inf       0.0000e+00 -4.3382e+03
  721 0.0000e+00 -Inf       0.0000e+00 -4.3452e+03
  722 0.0000e+00 -Inf       0.0000e+00 -4.3522e+03
  723 0.0000e+00 -Inf       0.0000e+00 -4.3593e+03
  724 0.0000e+00 -Inf       0.0000e+00 -4.3663e+03
  725 0.0000e+00 -Inf       0.0000e+00 -4.3733e+03
  726 0.0000e+00 -Inf       0.0000e+00 -4.3803e+03
  727 0.0000e+00 -Inf       0.0000e+00 -4.3874e+03
  728 0.0000e+00 -Inf       0.0000e+00 -4.3944e+03
  729 0.0000e+00 -Inf       0.0000e+00 -4.4014e+03
  730 0.0000e+00 -Inf       0.0000e+00 -4.4085e+03
  731 0.0000e+00 -Inf       0.0000e+00 -4.4155e+03
  732 0.0000e+00 -Inf       0.0000e+00 -4.4225e+03
  733 0.0000e+00 -Inf       0.0000e+00 -4.4296e+03
  734 0.0000e+00 -Inf       0.0000e+00 -4.4366e+03
  735 0.0000e+00 -Inf       0.0000e+00 -4.4436e+03
  736 0.0000e+00 -Inf       0.0000e+00 -4.4507e+03
  737 0.0000e+00 -Inf       0.0000e+00 -4.4577e+03
  738 0.0000e+00 -Inf       0.0000e+00 -4.4648e+03
  739 0.0000e+00 -Inf       0.0000e+00 -4.4718e+03
  740 0.0000e+00 -Inf       0.0000e+00 -4.4789e+03
  741 0.0000e+00 -Inf       0.0000e+00 -4.4859e+03
  742 0.0000e+00 -Inf       0.0000e+00 -4.4929e+03
  743 0.0000e+00 -Inf       0.0000e+00 -4.5000e+03
  744 0.0000e+00 -Inf       0.0000e+00 -4.5070e+03
  745 0.0000e+00 -Inf       0.0000e+00 -4.5141e+03
  746 0.0000e+00 -Inf       0.0000e+00 -4.5212e+03
  747 0.0000e+00 -Inf       0.0000e+00 -4.5282e+03
  748 0.0000e+00 -Inf       0.0000e+00 -4.5353e+03
  749 0.0000e+00 -Inf       0.0000e+00 -4.5423e+03
  750 0.0000e+00 -Inf       0.0000e+00 -4.5494e+03
  751 0.0000e+00 -Inf       0.0000e+00 -4.5564e+03
  752 0.0000e+00 -Inf       0.0000e+00 -4.5635e+03
  753 0.0000e+00 -Inf       0.0000e+00 -4.5706e+03
  754 0.0000e+00 -Inf       0.0000e+00 -4.5776e+03
  755 0.0000e+00 -Inf       0.0000e+00 -4.5847e+03
  756 0.0000e+00 -Inf       0.0000e+00 -4.5918e+03
  757 0.0000e+00 -Inf       0.0000e+00 -4.5988e+03
  758 0.0000e+00 -Inf       0.0000e+00 -4.6059e+03
  759 0.0000e+00 -Inf       0.0000e+00 -4.6130e+03
  760 0.0000e+00 -Inf       0.0000e+00 -4.6201e+03
  761 0.0000e+00 -Inf       0.0000e+00 -4.6271e+03
  762 0.0000e+00 -Inf       0.0000e+00 -4.6342e+03
  763 0.0000e+00 -Inf       0.0000e+00 -4.6413e+03
  764 0.0000e+00 -Inf       0.0000e+00 -4.6484e+03
  765 0.0000e+00 -Inf       0.0000e+00 -4.6554e+03
  766 0.0000e+00 -Inf       0.0000e+00 -4.6625e+03
  767 0.0000e+00 -Inf       0.0000e+00 -4.6696e+03
  768 0.0000e+00 -Inf       0.0000e+00 -4.6767e+03
  769 0.0000e+00 -Inf       0.0000e+00 -4.6838e+03
  770 0.0000e+00 -Inf       0.0000e+00 -4.6908e+03
  771 0.0000e+00 -Inf       0.0000e+00 -4.6979e+03
  772 0.0000e+00 -Inf       0.0000e+00 -4.7050e+03
  773 0.0000e+00 -Inf       0.0000e+00 -4.7121e+03
  774 0.0000e+00 -Inf       0.0000e+00 -4.7192e+03
  775 0.0000e+00 -Inf       0.0000e+00 -4.7263e+03
  776 0.0000e+00 -Inf       0.0000e+00 -4.7334e+03
  777 0.0000e+00 -Inf       0.0000e+00 -4.7405e+03
  778 0.0000e+00 -Inf       0.0000e+00 -4.7476e+03
  779 0.0000e+00 -Inf       0.0000e+00 -4.7547e+03
  780 0.0000e+00 -Inf       0.0000e+00 -4.7618e+03
  781 0.0000e+00 -Inf       0.0000e+00 -4.7689e+03
  782 0.0000e+00 -Inf       0.0000e+00 -4.7760e+03
  783 0.0000e+00 -Inf       0.0000e+00 -4.7831e+03
  784 0.0000e+00 -Inf       0.0000e+00 -4.7902e+03
  785 0.0000e+00 -Inf       0.0000e+00 -4.7973e+03
  786 0.0000e+00 -Inf       0.0000e+00 -4.8044e+03
  787 0.0000e+00 -Inf       0.0000e+00 -4.8115e+03
  788 0.0000e+00 -Inf       0.0000e+00 -4.8186e+03
  789 0.0000e+00 -Inf       0.0000e+00 -4.8257e+03
  790 0.0000e+00 -Inf       0.0000e+00 -4.8328e+03
  791 0.0000e+00 -Inf       0.0000e+00 -4.8399e+03
  792 0.0000e+00 -Inf       0.0000e+00 -4.8471e+03
  793 0.0000e+00 -Inf       0.0000e+00 -4.8542e+03
  794 0.0000e+00 -Inf       0.0000e+00 -4.8613e+03
  795 0.0000e+00 -Inf       0.0000e+00 -4.8684e+03
  796 0.0000e+00 -Inf       0.0000e+00 -4.8755e+03
  797 0.0000e+00 -Inf       0.0000e+00 -4.8826e+03
  798 0.0000e+00 -Inf       0.0000e+00 -4.8898e+03
  799 0.0000e+00 -Inf       0.0000e+00 -4.8969e+03
  800 0.0000e+00 -Inf       0.0000e+00 -4.9040e+03
  801 0.0000e+00 -Inf       0.0000e+00 -4.9111e+03
  802 0.0000e+00 -Inf       0.0000e+00 -4.9183e+03
  803 0.0000e+00 -Inf       0.0000e+00 -4.9254e+03
  804 0.0000e+00 -Inf       0.0000e+00 -4.9325e+03
  805 0.0000e+00 -Inf       0.0000e+00 -4.9397e+03
  806 0.0000e+00 -Inf       0.0000e+00 -4.9468e+03
  807 0.0000e+00 -Inf       0.0000e+00 -4.9539e+03
  808 0.0000e+00 -Inf       0.0000e+00 -4.9611e+03
  809 0.0000e+00 -Inf       0.0000e+00 -4.9682e+03
  810 0.0000e+00 -Inf       0.0000e+00 -4.9753e+03
  811 0.0000e+00 -Inf       0.0000e+00 -4.9825e+03
  812 0.0000e+00 -Inf       0.0000e+00 -4.9896e+03
  813 0.0000e+00 -Inf       0.0000e+00 -4.9967e+03
  814 0.0000e+00 -Inf       0.0000e+00 -5.0039e+03
  815 0.0000e+00 -Inf       0.0000e+00 -5.0110e+03
  816 0.0000e+00 -Inf       0.0000e+00 -5.0182e+03
  817 0.0000e+00 -Inf       0.0000e+00 -5.0253e+03
  818 0.0000e+00 -Inf       0.0000e+00 -5.0325e+03
  819 0.0000e+00 -Inf       0.0000e+00 -5.0396e+03
  820 0.0000e+00 -Inf       0.0000e+00 -5.0468e+03
  821 0.0000e+00 -Inf       0.0000e+00 -5.0539e+03
  822 0.0000e+00 -Inf       0.0000e+00 -5.0611e+03
  823 0.0000e+00 -Inf       0.0000e+00 -5.0682e+03
  824 0.0000e+00 -Inf       0.0000e+00 -5.0754e+03
  825 0.0000e+00 -Inf       0.0000e+00 -5.0825e+03
  826 0.0000e+00 -Inf       0.0000e+00 -5.0897e+03
  827 0.0000e+00 -Inf       0.0000e+00 -5.0968e+03
  828 0.0000e+00 -Inf       0.0000e+00 -5.1040e+03
  829 0.0000e+00 -Inf       0.0000e+00 -5.1111e+03
  830 0.0000e+00 -Inf       0.0000e+00 -5.1183e+03
  831 0.0000e+00 -Inf       0.0000e+00 -5.1255e+03
  832 0.0000e+00 -Inf       0.0000e+00 -5.1326e+03
  833 0.0000e+00 -Inf       0.0000e+00 -5.1398e+03
  834 0.0000e+00 -Inf       0.0000e+00 -5.1470e+03
  835 0.0000e+00 -Inf       0.0000e+00 -5.1541e+03
  836 0.0000e+00 -Inf       0.0000e+00 -5.1613e+03
  837 0.0000e+00 -Inf       0.0000e+00 -5.1685e+03
  838 0.0000e+00 -Inf       0.0000e+00 -5.1756e+03
  839 0.0000e+00 -Inf       0.0000e+00 -5.1828e+03
  840 0.0000e+00 -Inf       0.0000e+00 -5.1900e+03
  841 0.0000e+00 -Inf       0.0000e+00 -5.1972e+03
  842 0.0000e+00 -Inf       0.0000e+00 -5.2043e+03
  843 0.0000e+00 -Inf       0.0000e+00 -5.2115e+03
  844 0.0000e+00 -Inf       0.0000e+00 -5.2187e+03
  845 0.0000e+00 -Inf       0.0000e+00 -5.2259e+03
  846 0.0000e+00 -Inf       0.0000e+00 -5.2330e+03
  847 0.0000e+00 -Inf       0.0000e+00 -5.2402e+03
  848 0.0000e+00 -Inf       0.0000e+00 -5.2474e+03
  849 0.0000e+00 -Inf       0.0000e+00 -5.2546e+03
  850 0.0000e+00 -Inf       0.0000e+00 -5.2618e+03
  851 0.0000e+00 -Inf       0.0000e+00 -5.2690e+03
  852 0.0000e+00 -Inf       0.0000e+00 -5.2761e+03
  853 0.0000e+00 -Inf       0.0000e+00 -5.2833e+03
  854 0.0000e+00 -Inf       0.0000e+00 -5.2905e+03
  855 0.0000e+00 -Inf       0.0000e+00 -5.2977e+03
  856 0.0000e+00 -Inf       0.0000e+00 -5.3049e+03
  857 0.0000e+00 -Inf       0.0000e+00 -5.3121e+03
  858 0.0000e+00 -Inf       0.0000e+00 -5.3193e+03
  859 0.0000e+00 -Inf       0.0000e+00 -5.3265e+03
  860 0.0000e+00 -Inf       0.0000e+00 -5.3337e+03
  861 0.0000e+00 -Inf       0.0000e+00 -5.3409e+03
  862 0.0000e+00 -Inf       0.0000e+00 -5.3481e+03
  863 0.0000e+00 -Inf       0.0000e+00 -5.3553e+03
  864 0.0000e+00 -Inf       0.0000e+00 -5.3625e+03
  865 0.0000e+00 -Inf       0.0000e+00 -5.3697e+03
  866 0.0000e+00 -Inf       0.0000e+00 -5.3769e+03
  867 0.0000e+00 -Inf       0.0000e+00 -5.3841e+03
  868 0.0000e+00 -Inf       0.0000e+00 -5.3913e+03
  869 0.0000e+00 -Inf       0.0000e+00 -5.3985e+03
  870 0.0000e+00 -Inf       0.0000e+00 -5.4057e+03
  871 0.0000e+00 -Inf       0.0000e+00 -5.4129e+03
  872 0.0000e+00 -Inf       0.0000e+00 -5.4201e+03
  873 0.0000e+00 -Inf       0.0000e+00 -5.4273e+03
  874 0.0000e+00 -Inf       0.0000e+00 -5.4345e+03
  875 0.0000e+00 -Inf       0.0000e+00 -5.4418e+03
  876 0.0000e+00 -Inf       0.0000e+00 -5.4490e+03
  877 0.0000e+00 -Inf       0.0000e+00 -5.4562e+03
  878 0.0000e+00 -Inf       0.0000e+00 -5.4634e+03
  879 0.0000e+00 -Inf       0.0000e+00 -5.4706e+03
  880 0.0000e+00 -Inf       0.0000e+00 -5.4778e+03
  881 0.0000e+00 -Inf       0.0000e+00 -5.4851e+03
  882 0.0000e+00 -Inf       0.0000e+00 -5.4923e+03
  883 0.0000e+00 -Inf       0.0000e+00 -5.4995e+03
  884 0.0000e+00 -Inf       0.0000e+00 -5.5067e+03
  885 0.0000e+00 -Inf       0.0000e+00 -5.5140e+03
  886 0.0000e+00 -Inf       0.0000e+00 -5.5212e+03
  887 0.0000e+00 -Inf       0.0000e+00 -5.5284e+03
  888 0.0000e+00 -Inf       0.0000e+00 -5.5356e+03
  889 0.0000e+00 -Inf       0.0000e+00 -5.5429e+03
  890 0.0000e+00 -Inf       0.0000e+00 -5.5501e+03
  891 0.0000e+00 -Inf       0.0000e+00 -5.5573e+03
  892 0.0000e+00 -Inf       0.0000e+00 -5.5646e+03
  893 0.0000e+00 -Inf       0.0000e+00 -5.5718e+03
  894 0.0000e+00 -Inf       0.0000e+00 -5.5790e+03
  895 0.0000e+00 -Inf       0.0000e+00 -5.5863e+03
  896 0.0000e+00 -Inf       0.0000e+00 -5.5935e+03
  897 0.0000e+00 -Inf       0.0000e+00 -5.6007e+03
  898 0.0000e+00 -Inf       0.0000e+00 -5.6080e+03
  899 0.0000e+00 -Inf       0.0000e+00 -5.6152e+03
  900 0.0000e+00 -Inf       0.0000e+00 -5.6225e+03
  901 0.0000e+00 -Inf       0.0000e+00 -5.6297e+03
  902 0.0000e+00 -Inf       0.0000e+00 -5.6370e+03
  903 0.0000e+00 -Inf       0.0000e+00 -5.6442e+03
  904 0.0000e+00 -Inf       0.0000e+00 -5.6514e+03
  905 0.0000e+00 -Inf       0.0000e+00 -5.6587e+03
  906 0.0000e+00 -Inf       0.0000e+00 -5.6659e+03
  907 0.0000e+00 -Inf       0.0000e+00 -5.6732e+03
  908 0.0000e+00 -Inf       0.0000e+00 -5.6804e+03
  909 0.0000e+00 -Inf       0.0000e+00 -5.6877e+03
  910 0.0000e+00 -Inf       0.0000e+00 -5.6949e+03
  911 0.0000e+00 -Inf       0.0000e+00 -5.7022e+03
  912 0.0000e+00 -Inf       0.0000e+00 -5.7095e+03
  913 0.0000e+00 -Inf       0.0000e+00 -5.7167e+03
  914 0.0000e+00 -Inf       0.0000e+00 -5.7240e+03
  915 0.0000e+00 -Inf       0.0000e+00 -5.7312e+03
  916 0.0000e+00 -Inf       0.0000e+00 -5.7385e+03
  917 0.0000e+00 -Inf       0.0000e+00 -5.7457e+03
  918 0.0000e+00 -Inf       0.0000e+00 -5.7530e+03
  919 0.0000e+00 -Inf       0.0000e+00 -5.7603e+03
  920 0.0000e+00 -Inf       0.0000e+00 -5.7675e+03
  921 0.0000e+00 -Inf       0.0000e+00 -5.7748e+03
  922 0.0000e+00 -Inf       0.0000e+00 -5.7821e+03
  923 0.0000e+00 -Inf       0.0000e+00 -5.7893e+03
  924 0.0000e+00 -Inf       0.0000e+00 -5.7966e+03
  925 0.0000e+00 -Inf       0.0000e+00 -5.8039e+03
  926 0.0000e+00 -Inf       0.0000e+00 -5.8111e+03
  927 0.0000e+00 -Inf       0.0000e+00 -5.8184e+03
  928 0.0000e+00 -Inf       0.0000e+00 -5.8257e+03
  929 0.0000e+00 -Inf       0.0000e+00 -5.8330e+03
  930 0.0000e+00 -Inf       0.0000e+00 -5.8402e+03
  931 0.0000e+00 -Inf       0.0000e+00 -5.8475e+03
  932 0.0000e+00 -Inf       0.0000e+00 -5.8548e+03
  933 0.0000e+00 -Inf       0.0000e+00 -5.8621e+03
  934 0.0000e+00 -Inf       0.0000e+00 -5.8693e+03
  935 0.0000e+00 -Inf       0.0000e+00 -5.8766e+03
  936 0.0000e+00 -Inf       0.0000e+00 -5.8839e+03
  937 0.0000e+00 -Inf       0.0000e+00 -5.8912e+03
  938 0.0000e+00 -Inf       0.0000e+00 -5.8985e+03
  939 0.0000e+00 -Inf       0.0000e+00 -5.9057e+03
  940 0.0000e+00 -Inf       0.0000e+00 -5.9130e+03
  941 0.0000e+00 -Inf       0.0000e+00 -5.9203e+03
  942 0.0000e+00 -Inf       0.0000e+00 -5.9276e+03
  943 0.0000e+00 -Inf       0.0000e+00 -5.9349e+03
  944 0.0000e+00 -Inf       0.0000e+00 -5.9422e+03
  945 0.0000e+00 -Inf       0.0000e+00 -5.9495e+03
  946 0.0000e+00 -Inf       0.0000e+00 -5.9568e+03
  947 0.0000e+00 -Inf       0.0000e+00 -5.9641e+03
  948 0.0000e+00 -Inf       0.0000e+00 -5.9714e+03
  949 0.0000e+00 -Inf       0.0000e+00 -5.9786e+03
  950 0.0000e+00 -Inf       0.0000e+00 -5.9859e+03
  951 0.0000e+00 -Inf       0.0000e+00 -5.9932e+03
  952 0.0000e+00 -Inf       0.0000e+00 -6.0005e+03
  953 0.0000e+00 -Inf       0.0000e+00 -6.0078e+03
  954 0.0000e+00 -Inf       0.0000e+00 -6.0151e+03
  955 0.0000e+00 -Inf       0.0000e+00 -6.0224e+03
  956 0.0000e+00 -Inf       0.0000e+00 -6.0297e+03
  957 0.0000e+00 -Inf       0.0000e+00 -6.0370e+03
  958 0.0000e+00 -Inf       0.0000e+00 -6.0443e+03
  959 0.0000e+00 -Inf       0.0000e+00 -6.0517e+03
  960 0.0000e+00 -Inf       0.0000e+00 -6.0590e+03
  961 0.0000e+00 -Inf       0.0000e+00 -6.0663e+03
  962 0.0000e+00 -Inf       0.0000e+00 -6.0736e+03
  963 0.0000e+00 -Inf       0.0000e+00 -6.0809e+03
  964 0.0000e+00 -Inf       0.0000e+00 -6.0882e+03
  965 0.0000e+00 -Inf       0.0000e+00 -6.0955e+03
  966 0.0000e+00 -Inf       0.0000e+00 -6.1028e+03
  967 0.0000e+00 -Inf       0.0000e+00 -6.1101e+03
  968 0.0000e+00 -Inf       0.0000e+00 -6.1174e+03
  969 0.0000e+00 -Inf       0.0000e+00 -6.1248e+03
  970 0.0000e+00 -Inf       0.0000e+00 -6.1321e+03
  971 0.0000e+00 -Inf       0.0000e+00 -6.1394e+03
  972 0.0000e+00 -Inf       0.0000e+00 -6.1467e+03
  973 0.0000e+00 -Inf       0.0000e+00 -6.1540e+03
  974 0.0000e+00 -Inf       0.0000e+00 -6.1614e+03
  975 0.0000e+00 -Inf       0.0000e+00 -6.1687e+03
  976 0.0000e+00 -Inf       0.0000e+00 -6.1760e+03
  977 0.0000e+00 -Inf       0.0000e+00 -6.1833e+03
  978 0.0000e+00 -Inf       0.0000e+00 -6.1906e+03
  979 0.0000e+00 -Inf       0.0000e+00 -6.1980e+03
  980 0.0000e+00 -Inf       0.0000e+00 -6.2053e+03
  981 0.0000e+00 -Inf       0.0000e+00 -6.2126e+03
  982 0.0000e+00 -Inf       0.0000e+00 -6.2200e+03
  983 0.0000e+00 -Inf       0.0000e+00 -6.2273e+03
  984 0.0000e+00 -Inf       0.0000e+00 -6.2346e+03
  985 0.0000e+00 -Inf       0.0000e+00 -6.2419e+03
  986 0.0000e+00 -Inf       0.0000e+00 -6.2493e+03
  987 0.0000e+00 -Inf       0.0000e+00 -6.2566e+03
  988 0.0000e+00 -Inf       0.0000e+00 -6.2639e+03
  989 0.0000e+00 -Inf       0.0000e+00 -6.2713e+03
  990 0.0000e+00 -Inf       0.0000e+00 -6.2786e+03
  991 0.0000e+00 -Inf       0.0000e+00 -6.2860e+03
  992 0.0000e+00 -Inf       0.0000e+00 -6.2933e+03
  993 0.0000e+00 -Inf       0.0000e+00 -6.3006e+03
  994 0.0000e+00 -Inf       0.0000e+00 -6.3080e+03
  995 0.0000e+00 -Inf       0.0000e+00 -6.3153e+03
  996 0.0000e+00 -Inf       0.0000e+00 -6.3227e+03
  997 0.0000e+00 -Inf       0.0000e+00 -6.3300e+03
  998 0.0000e+00 -Inf       0.0000e+00 -6.3374e+03
  999 0.0000e+00 -Inf       0.0000e+00 -6.3447e+03

Total probability: 1.00000
