.........*.........*.........*.........*.........* 524250
.........*.........*.........*.........*.........* 1048500
*** SIMULATED BIN SIZE PROBABILITIES ***
Number of fragments: 38751330
Fragment length: 10
Number of clusters: 4
Number of bins: 1048576
Average bin size: 36.96
Clusters: STAN#ILVM#KRDEQ#WFYHGPC

Cluster probabilities
  0      1      2      3    
0.2496 0.2426 0.2617 0.2461 

    k     P(X=k) log P(X=k)        Pav    log Pav
    0 2.5903e-15 -3.3587e+01 0.0000e+00 -3.6956e+01
    1 8.3378e-14 -3.0115e+01 3.2948e-15 -3.3346e+01
    2 1.3078e-12 -2.7363e+01 6.0882e-14 -3.0430e+01
    3 1.3708e-11 -2.5013e+01 7.4999e-13 -2.7919e+01
    4 1.0809e-10 -2.2948e+01 6.9292e-12 -2.5695e+01
    5 6.8397e-10 -2.1103e+01 5.1215e-11 -2.3695e+01
    6 3.6182e-09 -1.9437e+01 3.1545e-10 -2.1877e+01
    7 1.6460e-08 -1.7922e+01 1.6654e-09 -2.0213e+01
    8 6.5741e-08 -1.6538e+01 7.6935e-09 -1.8683e+01
    9 2.3421e-07 -1.5267e+01 3.1591e-08 -1.7270e+01
   10 7.5367e-07 -1.4098e+01 1.1675e-07 -1.5963e+01
   11 2.2129e-06 -1.3021e+01 3.9224e-07 -1.4751e+01
   12 5.9785e-06 -1.2027e+01 1.2080e-06 -1.3627e+01
   13 1.4967e-05 -1.1110e+01 3.4340e-06 -1.2582e+01
   14 3.4935e-05 -1.0262e+01 9.0647e-06 -1.1611e+01
   15 7.6416e-05 -9.4793e+00 2.2333e-05 -1.0709e+01
   16 1.5737e-04 -8.7569e+00 5.1584e-05 -9.8723e+00
   17 3.0632e-04 -8.0909e+00 1.1214e-04 -9.0958e+00
   18 5.6565e-04 -7.4775e+00 2.3023e-04 -8.3764e+00
   19 9.9403e-04 -6.9137e+00 4.4782e-04 -7.7111e+00
   20 1.6672e-03 -6.3966e+00 8.2748e-04 -7.0971e+00
   21 2.6758e-03 -5.9235e+00 1.4562e-03 -6.5319e+00
   22 4.1194e-03 -5.4920e+00 2.4462e-03 -6.0132e+00
   23 6.0962e-03 -5.1001e+00 3.9305e-03 -5.5390e+00
   24 8.6897e-03 -4.7456e+00 6.0523e-03 -5.1073e+00
   25 1.1953e-02 -4.4268e+00 8.9469e-03 -4.7165e+00
   26 1.5893e-02 -4.1419e+00 1.2717e-02 -4.3648e+00
   27 2.0459e-02 -3.8893e+00 1.7406e-02 -4.0509e+00
   28 2.5536e-02 -3.6677e+00 2.2974e-02 -3.7734e+00
   29 3.0946e-02 -3.4755e+00 2.9277e-02 -3.5310e+00
   30 3.6459e-02 -3.3116e+00 3.6065e-02 -3.3224e+00
   31 4.1809e-02 -3.1746e+00 4.2995e-02 -3.1467e+00
   32 4.6720e-02 -3.0636e+00 4.9654e-02 -3.0027e+00
   33 5.0928e-02 -2.9773e+00 5.5606e-02 -2.8895e+00
   34 5.4209e-02 -2.9149e+00 6.0441e-02 -2.8061e+00
   35 5.6398e-02 -2.8753e+00 6.3819e-02 -2.7517e+00
   36 5.7400e-02 -2.8577e+00 6.5514e-02 -2.7255e+00
   37 5.7200e-02 -2.8612e+00 6.5436e-02 -2.7267e+00
   38 5.5854e-02 -2.8850e+00 6.3639e-02 -2.7545e+00
   39 5.3483e-02 -2.9284e+00 6.0304e-02 -2.8084e+00
   40 5.0258e-02 -2.9906e+00 5.5715e-02 -2.8875e+00
   41 4.6377e-02 -3.0709e+00 5.0220e-02 -2.9913e+00
   42 4.2054e-02 -3.1688e+00 4.4189e-02 -3.1193e+00
   43 3.7495e-02 -3.2835e+00 3.7978e-02 -3.2708e+00
   44 3.2891e-02 -3.4146e+00 3.1898e-02 -3.4452e+00
   45 2.8401e-02 -3.5613e+00 2.6196e-02 -3.6421e+00
   46 2.4154e-02 -3.7233e+00 2.1046e-02 -3.8611e+00
   47 2.0242e-02 -3.9000e+00 1.6548e-02 -4.1015e+00
   48 1.6724e-02 -4.0909e+00 1.2741e-02 -4.3629e+00
   49 1.3629e-02 -4.2955e+00 9.6093e-03 -4.6450e+00
   50 1.0960e-02 -4.5135e+00 7.1025e-03 -4.9473e+00
   51 8.6999e-03 -4.7444e+00 5.1467e-03 -5.2694e+00
   52 6.8202e-03 -4.9879e+00 3.6577e-03 -5.6109e+00
   53 5.2821e-03 -5.2434e+00 2.5505e-03 -5.9715e+00
   54 4.0429e-03 -5.5108e+00 1.7455e-03 -6.3507e+00
   55 3.0592e-03 -5.7896e+00 1.1728e-03 -6.7483e+00
   56 2.2892e-03 -6.0795e+00 7.7399e-04 -7.1640e+00
   57 1.6946e-03 -6.3803e+00 5.0182e-04 -7.5973e+00
   58 1.2413e-03 -6.6916e+00 3.1975e-04 -8.0480e+00
   59 9.0001e-04 -7.0131e+00 2.0028e-04 -8.5158e+00
   60 6.4605e-04 -7.3446e+00 1.2336e-04 -9.0004e+00
   61 4.5925e-04 -7.6859e+00 7.4737e-05 -9.5015e+00
   62 3.2338e-04 -8.0367e+00 4.4548e-05 -1.0019e+01
   63 2.2560e-04 -8.3967e+00 2.6132e-05 -1.0552e+01
   64 1.5597e-04 -8.7659e+00 1.5090e-05 -1.1101e+01
   65 1.0687e-04 -9.1439e+00 8.5793e-06 -1.1666e+01
   66 7.2599e-05 -9.5306e+00 4.8039e-06 -1.2246e+01
   67 4.8899e-05 -9.9257e+00 2.6498e-06 -1.2841e+01
   68 3.2663e-05 -1.0329e+01 1.4401e-06 -1.3451e+01
   69 2.1640e-05 -1.0741e+01 7.7130e-07 -1.4075e+01
   70 1.4222e-05 -1.1161e+01 4.0720e-07 -1.4714e+01
   71 9.2737e-06 -1.1588e+01 2.1195e-07 -1.5367e+01
   72 6.0003e-06 -1.2024e+01 1.0879e-07 -1.6034e+01
   73 3.8528e-06 -1.2467e+01 5.5076e-08 -1.6715e+01
   74 2.4553e-06 -1.2917e+01 2.7505e-08 -1.7409e+01
   75 1.5532e-06 -1.3375e+01 1.3553e-08 -1.8117e+01
   76 9.7536e-07 -1.3840e+01 6.5904e-09 -1.8838e+01
   77 6.0809e-07 -1.4313e+01 3.1631e-09 -1.9572e+01
   78 3.7642e-07 -1.4793e+01 1.4987e-09 -2.0319e+01
   79 2.3137e-07 -1.5279e+01 7.0107e-10 -2.1078e+01
   80 1.4123e-07 -1.5773e+01 3.2386e-10 -2.1851e+01
   81 8.5608e-08 -1.6273e+01 1.4776e-10 -2.2635e+01
   82 5.1539e-08 -1.6781e+01 6.6593e-11 -2.3432e+01
   83 3.0818e-08 -1.7295e+01 2.9651e-11 -2.4242e+01
   84 1.8304e-08 -1.7816e+01 1.3045e-11 -2.5063e+01
   85 1.0798e-08 -1.8344e+01 5.6717e-12 -2.5896e+01
   86 6.3282e-09 -1.8878e+01 2.4373e-12 -2.6740e+01
   87 3.6840e-09 -1.9419e+01 1.0353e-12 -2.7596e+01
   88 2.1306e-09 -1.9967e+01 4.3479e-13 -2.8464e+01
   89 1.2241e-09 -2.0521e+01 1.8054e-13 -2.9343e+01
   90 6.9869e-10 -2.1082e+01 7.4134e-14 -3.0233e+01
   91 3.9621e-10 -2.1649e+01 3.0107e-14 -3.1134e+01
   92 2.2322e-10 -2.2223e+01 1.2094e-14 -3.2046e+01
   93 1.2494e-10 -2.2803e+01 4.8058e-15 -3.2969e+01
   94 6.9480e-11 -2.3390e+01 1.8894e-15 -3.3903e+01
   95 3.8388e-11 -2.3983e+01 7.3500e-16 -3.4847e+01
   96 2.1073e-11 -2.4583e+01 0.0000e+00 -3.5801e+01
   97 1.1493e-11 -2.5189e+01 0.0000e+00 -3.6766e+01
   98 6.2275e-12 -2.5802e+01 0.0000e+00 -3.7741e+01
   99 3.3527e-12 -2.6421e+01 0.0000e+00 -3.8727e+01
  100 1.7933e-12 -2.7047e+01 0.0000e+00 -3.9722e+01
  101 9.5296e-13 -2.7679e+01 0.0000e+00 -4.0728e+01
  102 5.0313e-13 -2.8318e+01 0.0000e+00 -4.1743e+01
  103 2.6391e-13 -2.8963e+01 0.0000e+00 -4.2768e+01
  104 1.3753e-13 -2.9615e+01 0.0000e+00 -4.3803e+01
  105 7.1198e-14 -3.0273e+01 0.0000e+00 -4.4847e+01
  106 3.6618e-14 -3.0938e+01 0.0000e+00 -4.5901e+01
  107 1.8709e-14 -3.1610e+01 0.0000e+00 -4.6964e+01
  108 9.4967e-15 -3.2288e+01 0.0000e+00 -4.8036e+01
  109 4.7886e-15 -3.2973e+01 0.0000e+00 -4.9118e+01
  110 2.3983e-15 -3.3664e+01 0.0000e+00 -5.0208e+01
  111 1.1928e-15 -3.4362e+01 0.0000e+00 -5.1308e+01
  112 5.8903e-16 -3.5068e+01 0.0000e+00 -5.2417e+01
  113 2.8875e-16 -3.5781e+01 0.0000e+00 -5.3535e+01
  114 1.4040e-16 -3.6502e+01 0.0000e+00 -5.4661e+01
  115 6.7651e-17 -3.7232e+01 0.0000e+00 -5.5796e+01
  116 3.2365e-17 -3.7969e+01 0.0000e+00 -5.6940e+01
  117 1.5403e-17 -3.8712e+01 0.0000e+00 -5.8093e+01
  118 7.2988e-18 -3.9459e+01 0.0000e+00 -5.9254e+01
  119 3.3801e-18 -4.0229e+01 0.0000e+00 -6.0423e+01
  120 1.5331e-18 -4.1019e+01 0.0000e+00 -6.1601e+01
  121 6.8524e-19 -4.1825e+01 0.0000e+00 -6.2787e+01
  122 3.2041e-19 -4.2585e+01 0.0000e+00 -6.3981e+01
  123 1.4340e-19 -4.3389e+01 0.0000e+00 -6.5183e+01
  124 5.9728e-20 -4.4264e+01 0.0000e+00 -6.6394e+01
  125 1.9840e-20 -4.5367e+01 0.0000e+00 -6.7613e+01
  126 9.1818e-21 -4.6137e+01 0.0000e+00 -6.8839e+01
  127 4.2158e-21 -4.6915e+01 0.0000e+00 -7.0074e+01
  128 1.9205e-21 -4.7702e+01 0.0000e+00 -7.1316e+01
  129 0.0000e+00 -Inf       0.0000e+00 -7.2566e+01
  130 0.0000e+00 -Inf       0.0000e+00 -7.3824e+01
  131 0.0000e+00 -Inf       0.0000e+00 -7.5089e+01
  132 0.0000e+00 -Inf       0.0000e+00 -7.6362e+01
  133 0.0000e+00 -Inf       0.0000e+00 -7.7643e+01
  134 0.0000e+00 -Inf       0.0000e+00 -7.8931e+01
  135 0.0000e+00 -Inf       0.0000e+00 -8.0227e+01
  136 0.0000e+00 -Inf       0.0000e+00 -8.1530e+01
  137 0.0000e+00 -Inf       0.0000e+00 -8.2840e+01
  138 0.0000e+00 -Inf       0.0000e+00 -8.4157e+01
  139 0.0000e+00 -Inf       0.0000e+00 -8.5482e+01
  140 0.0000e+00 -Inf       0.0000e+00 -8.6814e+01
  141 0.0000e+00 -Inf       0.0000e+00 -8.8153e+01
  142 0.0000e+00 -Inf       0.0000e+00 -8.9499e+01
  143 0.0000e+00 -Inf       0.0000e+00 -9.0852e+01
  144 0.0000e+00 -Inf       0.0000e+00 -9.2212e+01
  145 0.0000e+00 -Inf       0.0000e+00 -9.3579e+01
  146 0.0000e+00 -Inf       0.0000e+00 -9.4953e+01
  147 0.0000e+00 -Inf       0.0000e+00 -9.6334e+01
  148 0.0000e+00 -Inf       0.0000e+00 -9.7721e+01
  149 0.0000e+00 -Inf       0.0000e+00 -9.9116e+01
  150 0.0000e+00 -Inf       0.0000e+00 -1.0052e+02
  151 0.0000e+00 -Inf       0.0000e+00 -1.0192e+02
  152 0.0000e+00 -Inf       0.0000e+00 -1.0334e+02
  153 0.0000e+00 -Inf       0.0000e+00 -1.0476e+02
  154 0.0000e+00 -Inf       0.0000e+00 -1.0619e+02
  155 0.0000e+00 -Inf       0.0000e+00 -1.0762e+02
  156 0.0000e+00 -Inf       0.0000e+00 -1.0906e+02
  157 0.0000e+00 -Inf       0.0000e+00 -1.1051e+02
  158 0.0000e+00 -Inf       0.0000e+00 -1.1196e+02
  159 0.0000e+00 -Inf       0.0000e+00 -1.1342e+02
  160 0.0000e+00 -Inf       0.0000e+00 -1.1488e+02
  161 0.0000e+00 -Inf       0.0000e+00 -1.1636e+02
  162 0.0000e+00 -Inf       0.0000e+00 -1.1783e+02
  163 0.0000e+00 -Inf       0.0000e+00 -1.1932e+02
  164 0.0000e+00 -Inf       0.0000e+00 -1.2081e+02
  165 0.0000e+00 -Inf       0.0000e+00 -1.2230e+02
  166 0.0000e+00 -Inf       0.0000e+00 -1.2381e+02
  167 0.0000e+00 -Inf       0.0000e+00 -1.2531e+02
  168 0.0000e+00 -Inf       0.0000e+00 -1.2683e+02
  169 0.0000e+00 -Inf       0.0000e+00 -1.2835e+02
  170 0.0000e+00 -Inf       0.0000e+00 -1.2987e+02
  171 0.0000e+00 -Inf       0.0000e+00 -1.3141e+02
  172 0.0000e+00 -Inf       0.0000e+00 -1.3294e+02
  173 0.0000e+00 -Inf       0.0000e+00 -1.3449e+02
  174 0.0000e+00 -Inf       0.0000e+00 -1.3604e+02
  175 0.0000e+00 -Inf       0.0000e+00 -1.3759e+02
  176 0.0000e+00 -Inf       0.0000e+00 -1.3915e+02
  177 0.0000e+00 -Inf       0.0000e+00 -1.4072e+02
  178 0.0000e+00 -Inf       0.0000e+00 -1.4229e+02
  179 0.0000e+00 -Inf       0.0000e+00 -1.4387e+02
  180 0.0000e+00 -Inf       0.0000e+00 -1.4545e+02
  181 0.0000e+00 -Inf       0.0000e+00 -1.4704e+02
  182 0.0000e+00 -Inf       0.0000e+00 -1.4864e+02
  183 0.0000e+00 -Inf       0.0000e+00 -1.5024e+02
  184 0.0000e+00 -Inf       0.0000e+00 -1.5184e+02
  185 0.0000e+00 -Inf       0.0000e+00 -1.5345e+02
  186 0.0000e+00 -Inf       0.0000e+00 -1.5507e+02
  187 0.0000e+00 -Inf       0.0000e+00 -1.5669e+02
  188 0.0000e+00 -Inf       0.0000e+00 -1.5832e+02
  189 0.0000e+00 -Inf       0.0000e+00 -1.5995e+02
  190 0.0000e+00 -Inf       0.0000e+00 -1.6158e+02
  191 0.0000e+00 -Inf       0.0000e+00 -1.6323e+02
  192 0.0000e+00 -Inf       0.0000e+00 -1.6487e+02
  193 0.0000e+00 -Inf       0.0000e+00 -1.6653e+02
  194 0.0000e+00 -Inf       0.0000e+00 -1.6819e+02
  195 0.0000e+00 -Inf       0.0000e+00 -1.6985e+02
  196 0.0000e+00 -Inf       0.0000e+00 -1.7152e+02
  197 0.0000e+00 -Inf       0.0000e+00 -1.7319e+02
  198 0.0000e+00 -Inf       0.0000e+00 -1.7487e+02
  199 0.0000e+00 -Inf       0.0000e+00 -1.7655e+02
  200 0.0000e+00 -Inf       0.0000e+00 -1.7824e+02
  201 0.0000e+00 -Inf       0.0000e+00 -1.7994e+02
  202 0.0000e+00 -Inf       0.0000e+00 -1.8163e+02
  203 0.0000e+00 -Inf       0.0000e+00 -1.8334e+02
  204 0.0000e+00 -Inf       0.0000e+00 -1.8505e+02
  205 0.0000e+00 -Inf       0.0000e+00 -1.8676e+02
  206 0.0000e+00 -Inf       0.0000e+00 -1.8848e+02
  207 0.0000e+00 -Inf       0.0000e+00 -1.9020e+02
  208 0.0000e+00 -Inf       0.0000e+00 -1.9193e+02
  209 0.0000e+00 -Inf       0.0000e+00 -1.9366e+02
  210 0.0000e+00 -Inf       0.0000e+00 -1.9540e+02
  211 0.0000e+00 -Inf       0.0000e+00 -1.9714e+02
  212 0.0000e+00 -Inf       0.0000e+00 -1.9889e+02
  213 0.0000e+00 -Inf       0.0000e+00 -2.0064e+02
  214 0.0000e+00 -Inf       0.0000e+00 -2.0239e+02
  215 0.0000e+00 -Inf       0.0000e+00 -2.0416e+02
  216 0.0000e+00 -Inf       0.0000e+00 -2.0592e+02
  217 0.0000e+00 -Inf       0.0000e+00 -2.0769e+02
  218 0.0000e+00 -Inf       0.0000e+00 -2.0947e+02
  219 0.0000e+00 -Inf       0.0000e+00 -2.1125e+02
  220 0.0000e+00 -Inf       0.0000e+00 -2.1303e+02
  221 0.0000e+00 -Inf       0.0000e+00 -2.1482e+02
  222 0.0000e+00 -Inf       0.0000e+00 -2.1661e+02
  223 0.0000e+00 -Inf       0.0000e+00 -2.1841e+02
  224 0.0000e+00 -Inf       0.0000e+00 -2.2021e+02
  225 0.0000e+00 -Inf       0.0000e+00 -2.2202e+02
  226 0.0000e+00 -Inf       0.0000e+00 -2.2383e+02
  227 0.0000e+00 -Inf       0.0000e+00 -2.2564e+02
  228 0.0000e+00 -Inf       0.0000e+00 -2.2746e+02
  229 0.0000e+00 -Inf       0.0000e+00 -2.2929e+02
  230 0.0000e+00 -Inf       0.0000e+00 -2.3111e+02
  231 0.0000e+00 -Inf       0.0000e+00 -2.3295e+02
  232 0.0000e+00 -Inf       0.0000e+00 -2.3478e+02
  233 0.0000e+00 -Inf       0.0000e+00 -2.3663e+02
  234 0.0000e+00 -Inf       0.0000e+00 -2.3847e+02
  235 0.0000e+00 -Inf       0.0000e+00 -2.4032e+02
  236 0.0000e+00 -Inf       0.0000e+00 -2.4217e+02
  237 0.0000e+00 -Inf       0.0000e+00 -2.4403e+02
  238 0.0000e+00 -Inf       0.0000e+00 -2.4590e+02
  239 0.0000e+00 -Inf       0.0000e+00 -2.4776e+02
  240 0.0000e+00 -Inf       0.0000e+00 -2.4963e+02
  241 0.0000e+00 -Inf       0.0000e+00 -2.5151e+02
  242 0.0000e+00 -Inf       0.0000e+00 -2.5339e+02
  243 0.0000e+00 -Inf       0.0000e+00 -2.5527e+02
  244 0.0000e+00 -Inf       0.0000e+00 -2.5716e+02
  245 0.0000e+00 -Inf       0.0000e+00 -2.5905e+02
  246 0.0000e+00 -Inf       0.0000e+00 -2.6095e+02
  247 0.0000e+00 -Inf       0.0000e+00 -2.6285e+02
  248 0.0000e+00 -Inf       0.0000e+00 -2.6475e+02
  249 0.0000e+00 -Inf       0.0000e+00 -2.6666e+02
  250 0.0000e+00 -Inf       0.0000e+00 -2.6857e+02
  251 0.0000e+00 -Inf       0.0000e+00 -2.7048e+02
  252 0.0000e+00 -Inf       0.0000e+00 -2.7240e+02
  253 0.0000e+00 -Inf       0.0000e+00 -2.7433e+02
  254 0.0000e+00 -Inf       0.0000e+00 -2.7626e+02
  255 0.0000e+00 -Inf       0.0000e+00 -2.7819e+02
  256 0.0000e+00 -Inf       0.0000e+00 -2.8012e+02
  257 0.0000e+00 -Inf       0.0000e+00 -2.8206e+02
  258 0.0000e+00 -Inf       0.0000e+00 -2.8400e+02
  259 0.0000e+00 -Inf       0.0000e+00 -2.8595e+02
  260 0.0000e+00 -Inf       0.0000e+00 -2.8790e+02
  261 0.0000e+00 -Inf       0.0000e+00 -2.8986e+02
  262 0.0000e+00 -Inf       0.0000e+00 -2.9182e+02
  263 0.0000e+00 -Inf       0.0000e+00 -2.9378e+02
  264 0.0000e+00 -Inf       0.0000e+00 -2.9574e+02
  265 0.0000e+00 -Inf       0.0000e+00 -2.9771e+02
  266 0.0000e+00 -Inf       0.0000e+00 -2.9969e+02
  267 0.0000e+00 -Inf       0.0000e+00 -3.0167e+02
  268 0.0000e+00 -Inf       0.0000e+00 -3.0365e+02
  269 0.0000e+00 -Inf       0.0000e+00 -3.0563e+02
  270 0.0000e+00 -Inf       0.0000e+00 -3.0762e+02
  271 0.0000e+00 -Inf       0.0000e+00 -3.0961e+02
  272 0.0000e+00 -Inf       0.0000e+00 -3.1161e+02
  273 0.0000e+00 -Inf       0.0000e+00 -3.1361e+02
  274 0.0000e+00 -Inf       0.0000e+00 -3.1561e+02
  275 0.0000e+00 -Inf       0.0000e+00 -3.1762e+02
  276 0.0000e+00 -Inf       0.0000e+00 -3.1963e+02
  277 0.0000e+00 -Inf       0.0000e+00 -3.2164e+02
  278 0.0000e+00 -Inf       0.0000e+00 -3.2366e+02
  279 0.0000e+00 -Inf       0.0000e+00 -3.2568e+02
  280 0.0000e+00 -Inf       0.0000e+00 -3.2771e+02
  281 0.0000e+00 -Inf       0.0000e+00 -3.2974e+02
  282 0.0000e+00 -Inf       0.0000e+00 -3.3177e+02
  283 0.0000e+00 -Inf       0.0000e+00 -3.3381e+02
  284 0.0000e+00 -Inf       0.0000e+00 -3.3584e+02
  285 0.0000e+00 -Inf       0.0000e+00 -3.3789e+02
  286 0.0000e+00 -Inf       0.0000e+00 -3.3993e+02
  287 0.0000e+00 -Inf       0.0000e+00 -3.4198e+02
  288 0.0000e+00 -Inf       0.0000e+00 -3.4404e+02
  289 0.0000e+00 -Inf       0.0000e+00 -3.4609e+02
  290 0.0000e+00 -Inf       0.0000e+00 -3.4815e+02
  291 0.0000e+00 -Inf       0.0000e+00 -3.5022e+02
  292 0.0000e+00 -Inf       0.0000e+00 -3.5228e+02
  293 0.0000e+00 -Inf       0.0000e+00 -3.5435e+02
  294 0.0000e+00 -Inf       0.0000e+00 -3.5643e+02
  295 0.0000e+00 -Inf       0.0000e+00 -3.5851e+02
  296 0.0000e+00 -Inf       0.0000e+00 -3.6059e+02
  297 0.0000e+00 -Inf       0.0000e+00 -3.6267e+02
  298 0.0000e+00 -Inf       0.0000e+00 -3.6476e+02
  299 0.0000e+00 -Inf       0.0000e+00 -3.6685e+02
  300 0.0000e+00 -Inf       0.0000e+00 -3.6894e+02
  301 0.0000e+00 -Inf       0.0000e+00 -3.7104e+02
  302 0.0000e+00 -Inf       0.0000e+00 -3.7314e+02
  303 0.0000e+00 -Inf       0.0000e+00 -3.7524e+02
  304 0.0000e+00 -Inf       0.0000e+00 -3.7735e+02
  305 0.0000e+00 -Inf       0.0000e+00 -3.7946e+02
  306 0.0000e+00 -Inf       0.0000e+00 -3.8158e+02
  307 0.0000e+00 -Inf       0.0000e+00 -3.8369e+02
  308 0.0000e+00 -Inf       0.0000e+00 -3.8581e+02
  309 0.0000e+00 -Inf       0.0000e+00 -3.8794e+02
  310 0.0000e+00 -Inf       0.0000e+00 -3.9006e+02
  311 0.0000e+00 -Inf       0.0000e+00 -3.9219e+02
  312 0.0000e+00 -Inf       0.0000e+00 -3.9433e+02
  313 0.0000e+00 -Inf       0.0000e+00 -3.9646e+02
  314 0.0000e+00 -Inf       0.0000e+00 -3.9860e+02
  315 0.0000e+00 -Inf       0.0000e+00 -4.0075e+02
  316 0.0000e+00 -Inf       0.0000e+00 -4.0289e+02
  317 0.0000e+00 -Inf       0.0000e+00 -4.0504e+02
  318 0.0000e+00 -Inf       0.0000e+00 -4.0719e+02
  319 0.0000e+00 -Inf       0.0000e+00 -4.0935e+02
  320 0.0000e+00 -Inf       0.0000e+00 -4.1151e+02
  321 0.0000e+00 -Inf       0.0000e+00 -4.1367e+02
  322 0.0000e+00 -Inf       0.0000e+00 -4.1583e+02
  323 0.0000e+00 -Inf       0.0000e+00 -4.1800e+02
  324 0.0000e+00 -Inf       0.0000e+00 -4.2017e+02
  325 0.0000e+00 -Inf       0.0000e+00 -4.2235e+02
  326 0.0000e+00 -Inf       0.0000e+00 -4.2452e+02
  327 0.0000e+00 -Inf       0.0000e+00 -4.2670e+02
  328 0.0000e+00 -Inf       0.0000e+00 -4.2889e+02
  329 0.0000e+00 -Inf       0.0000e+00 -4.3107e+02
  330 0.0000e+00 -Inf       0.0000e+00 -4.3326e+02
  331 0.0000e+00 -Inf       0.0000e+00 -4.3546e+02
  332 0.0000e+00 -Inf       0.0000e+00 -4.3765e+02
  333 0.0000e+00 -Inf       0.0000e+00 -4.3985e+02
  334 0.0000e+00 -Inf       0.0000e+00 -4.4205e+02
  335 0.0000e+00 -Inf       0.0000e+00 -4.4426e+02
  336 0.0000e+00 -Inf       0.0000e+00 -4.4646e+02
  337 0.0000e+00 -Inf       0.0000e+00 -4.4867e+02
  338 0.0000e+00 -Inf       0.0000e+00 -4.5089e+02
  339 0.0000e+00 -Inf       0.0000e+00 -4.5310e+02
  340 0.0000e+00 -Inf       0.0000e+00 -4.5532e+02
  341 0.0000e+00 -Inf       0.0000e+00 -4.5754e+02
  342 0.0000e+00 -Inf       0.0000e+00 -4.5977e+02
  343 0.0000e+00 -Inf       0.0000e+00 -4.6200e+02
  344 0.0000e+00 -Inf       0.0000e+00 -4.6423e+02
  345 0.0000e+00 -Inf       0.0000e+00 -4.6646e+02
  346 0.0000e+00 -Inf       0.0000e+00 -4.6870e+02
  347 0.0000e+00 -Inf       0.0000e+00 -4.7094e+02
  348 0.0000e+00 -Inf       0.0000e+00 -4.7318e+02
  349 0.0000e+00 -Inf       0.0000e+00 -4.7543e+02
  350 0.0000e+00 -Inf       0.0000e+00 -4.7767e+02
  351 0.0000e+00 -Inf       0.0000e+00 -4.7993e+02
  352 0.0000e+00 -Inf       0.0000e+00 -4.8218e+02
  353 0.0000e+00 -Inf       0.0000e+00 -4.8444e+02
  354 0.0000e+00 -Inf       0.0000e+00 -4.8670e+02
  355 0.0000e+00 -Inf       0.0000e+00 -4.8896e+02
  356 0.0000e+00 -Inf       0.0000e+00 -4.9122e+02
  357 0.0000e+00 -Inf       0.0000e+00 -4.9349e+02
  358 0.0000e+00 -Inf       0.0000e+00 -4.9576e+02
  359 0.0000e+00 -Inf       0.0000e+00 -4.9804e+02
  360 0.0000e+00 -Inf       0.0000e+00 -5.0031e+02
  361 0.0000e+00 -Inf       0.0000e+00 -5.0259e+02
  362 0.0000e+00 -Inf       0.0000e+00 -5.0487e+02
  363 0.0000e+00 -Inf       0.0000e+00 -5.0716e+02
  364 0.0000e+00 -Inf       0.0000e+00 -5.0945e+02
  365 0.0000e+00 -Inf       0.0000e+00 -5.1174e+02
  366 0.0000e+00 -Inf       0.0000e+00 -5.1403e+02
  367 0.0000e+00 -Inf       0.0000e+00 -5.1632e+02
  368 0.0000e+00 -Inf       0.0000e+00 -5.1862e+02
  369 0.0000e+00 -Inf       0.0000e+00 -5.2092e+02
  370 0.0000e+00 -Inf       0.0000e+00 -5.2323e+02
  371 0.0000e+00 -Inf       0.0000e+00 -5.2553e+02
  372 0.0000e+00 -Inf       0.0000e+00 -5.2784e+02
  373 0.0000e+00 -Inf       0.0000e+00 -5.3015e+02
  374 0.0000e+00 -Inf       0.0000e+00 -5.3247e+02
  375 0.0000e+00 -Inf       0.0000e+00 -5.3479e+02
  376 0.0000e+00 -Inf       0.0000e+00 -5.3711e+02
  377 0.0000e+00 -Inf       0.0000e+00 -5.3943e+02
  378 0.0000e+00 -Inf       0.0000e+00 -5.4175e+02
  379 0.0000e+00 -Inf       0.0000e+00 -5.4408e+02
  380 0.0000e+00 -Inf       0.0000e+00 -5.4641e+02
  381 0.0000e+00 -Inf       0.0000e+00 -5.4875e+02
  382 0.0000e+00 -Inf       0.0000e+00 -5.5108e+02
  383 0.0000e+00 -Inf       0.0000e+00 -5.5342e+02
  384 0.0000e+00 -Inf       0.0000e+00 -5.5576e+02
  385 0.0000e+00 -Inf       0.0000e+00 -5.5810e+02
  386 0.0000e+00 -Inf       0.0000e+00 -5.6045e+02
  387 0.0000e+00 -Inf       0.0000e+00 -5.6280e+02
  388 0.0000e+00 -Inf       0.0000e+00 -5.6515e+02
  389 0.0000e+00 -Inf       0.0000e+00 -5.6750e+02
  390 0.0000e+00 -Inf       0.0000e+00 -5.6986e+02
  391 0.0000e+00 -Inf       0.0000e+00 -5.7222e+02
  392 0.0000e+00 -Inf       0.0000e+00 -5.7458e+02
  393 0.0000e+00 -Inf       0.0000e+00 -5.7694e+02
  394 0.0000e+00 -Inf       0.0000e+00 -5.7931e+02
  395 0.0000e+00 -Inf       0.0000e+00 -5.8168e+02
  396 0.0000e+00 -Inf       0.0000e+00 -5.8405e+02
  397 0.0000e+00 -Inf       0.0000e+00 -5.8643e+02
  398 0.0000e+00 -Inf       0.0000e+00 -5.8880e+02
  399 0.0000e+00 -Inf       0.0000e+00 -5.9118e+02
  400 0.0000e+00 -Inf       0.0000e+00 -5.9356e+02
  401 0.0000e+00 -Inf       0.0000e+00 -5.9595e+02
  402 0.0000e+00 -Inf       0.0000e+00 -5.9833e+02
  403 0.0000e+00 -Inf       0.0000e+00 -6.0072e+02
  404 0.0000e+00 -Inf       0.0000e+00 -6.0312e+02
  405 0.0000e+00 -Inf       0.0000e+00 -6.0551e+02
  406 0.0000e+00 -Inf       0.0000e+00 -6.0791e+02
  407 0.0000e+00 -Inf       0.0000e+00 -6.1031e+02
  408 0.0000e+00 -Inf       0.0000e+00 -6.1271e+02
  409 0.0000e+00 -Inf       0.0000e+00 -6.1511e+02
  410 0.0000e+00 -Inf       0.0000e+00 -6.1752e+02
  411 0.0000e+00 -Inf       0.0000e+00 -6.1993e+02
  412 0.0000e+00 -Inf       0.0000e+00 -6.2234e+02
  413 0.0000e+00 -Inf       0.0000e+00 -6.2475e+02
  414 0.0000e+00 -Inf       0.0000e+00 -6.2717e+02
  415 0.0000e+00 -Inf       0.0000e+00 -6.2959e+02
  416 0.0000e+00 -Inf       0.0000e+00 -6.3201e+02
  417 0.0000e+00 -Inf       0.0000e+00 -6.3443e+02
  418 0.0000e+00 -Inf       0.0000e+00 -6.3686e+02
  419 0.0000e+00 -Inf       0.0000e+00 -6.3928e+02
  420 0.0000e+00 -Inf       0.0000e+00 -6.4171e+02
  421 0.0000e+00 -Inf       0.0000e+00 -6.4415e+02
  422 0.0000e+00 -Inf       0.0000e+00 -6.4658e+02
  423 0.0000e+00 -Inf       0.0000e+00 -6.4902e+02
  424 0.0000e+00 -Inf       0.0000e+00 -6.5146e+02
  425 0.0000e+00 -Inf       0.0000e+00 -6.5390e+02
  426 0.0000e+00 -Inf       0.0000e+00 -6.5635e+02
  427 0.0000e+00 -Inf       0.0000e+00 -6.5879e+02
  428 0.0000e+00 -Inf       0.0000e+00 -6.6124e+02
  429 0.0000e+00 -Inf       0.0000e+00 -6.6370e+02
  430 0.0000e+00 -Inf       0.0000e+00 -6.6615e+02
  431 0.0000e+00 -Inf       0.0000e+00 -6.6861e+02
  432 0.0000e+00 -Inf       0.0000e+00 -6.7107e+02
  433 0.0000e+00 -Inf       0.0000e+00 -6.7353e+02
  434 0.0000e+00 -Inf       0.0000e+00 -6.7599e+02
  435 0.0000e+00 -Inf       0.0000e+00 -6.7846e+02
  436 0.0000e+00 -Inf       0.0000e+00 -6.8092e+02
  437 0.0000e+00 -Inf       0.0000e+00 -6.8339e+02
  438 0.0000e+00 -Inf       0.0000e+00 -6.8587e+02
  439 0.0000e+00 -Inf       0.0000e+00 -6.8834e+02
  440 0.0000e+00 -Inf       0.0000e+00 -6.9082e+02
  441 0.0000e+00 -Inf       0.0000e+00 -6.9330e+02
  442 0.0000e+00 -Inf       0.0000e+00 -6.9578e+02
  443 0.0000e+00 -Inf       0.0000e+00 -6.9826e+02
  444 0.0000e+00 -Inf       0.0000e+00 -7.0075e+02
  445 0.0000e+00 -Inf       0.0000e+00 -7.0324e+02
  446 0.0000e+00 -Inf       0.0000e+00 -7.0573e+02
  447 0.0000e+00 -Inf       0.0000e+00 -7.0822e+02
  448 0.0000e+00 -Inf       0.0000e+00 -7.1072e+02
  449 0.0000e+00 -Inf       0.0000e+00 -7.1321e+02
  450 0.0000e+00 -Inf       0.0000e+00 -7.1571e+02
  451 0.0000e+00 -Inf       0.0000e+00 -7.1821e+02
  452 0.0000e+00 -Inf       0.0000e+00 -7.2072e+02
  453 0.0000e+00 -Inf       0.0000e+00 -7.2322e+02
  454 0.0000e+00 -Inf       0.0000e+00 -7.2573e+02
  455 0.0000e+00 -Inf       0.0000e+00 -7.2824e+02
  456 0.0000e+00 -Inf       0.0000e+00 -7.3076e+02
  457 0.0000e+00 -Inf       0.0000e+00 -7.3327e+02
  458 0.0000e+00 -Inf       0.0000e+00 -7.3579e+02
  459 0.0000e+00 -Inf       0.0000e+00 -7.3831e+02
  460 0.0000e+00 -Inf       0.0000e+00 -7.4083e+02
  461 0.0000e+00 -Inf       0.0000e+00 -7.4335e+02
  462 0.0000e+00 -Inf       0.0000e+00 -7.4588e+02
  463 0.0000e+00 -Inf       0.0000e+00 -7.4841e+02
  464 0.0000e+00 -Inf       0.0000e+00 -7.5094e+02
  465 0.0000e+00 -Inf       0.0000e+00 -7.5347e+02
  466 0.0000e+00 -Inf       0.0000e+00 -7.5600e+02
  467 0.0000e+00 -Inf       0.0000e+00 -7.5854e+02
  468 0.0000e+00 -Inf       0.0000e+00 -7.6108e+02
  469 0.0000e+00 -Inf       0.0000e+00 -7.6362e+02
  470 0.0000e+00 -Inf       0.0000e+00 -7.6616e+02
  471 0.0000e+00 -Inf       0.0000e+00 -7.6871e+02
  472 0.0000e+00 -Inf       0.0000e+00 -7.7125e+02
  473 0.0000e+00 -Inf       0.0000e+00 -7.7380e+02
  474 0.0000e+00 -Inf       0.0000e+00 -7.7636e+02
  475 0.0000e+00 -Inf       0.0000e+00 -7.7891e+02
  476 0.0000e+00 -Inf       0.0000e+00 -7.8146e+02
  477 0.0000e+00 -Inf       0.0000e+00 -7.8402e+02
  478 0.0000e+00 -Inf       0.0000e+00 -7.8658e+02
  479 0.0000e+00 -Inf       0.0000e+00 -7.8914e+02
  480 0.0000e+00 -Inf       0.0000e+00 -7.9171e+02
  481 0.0000e+00 -Inf       0.0000e+00 -7.9427e+02
  482 0.0000e+00 -Inf       0.0000e+00 -7.9684e+02
  483 0.0000e+00 -Inf       0.0000e+00 -7.9941e+02
  484 0.0000e+00 -Inf       0.0000e+00 -8.0199e+02
  485 0.0000e+00 -Inf       0.0000e+00 -8.0456e+02
  486 0.0000e+00 -Inf       0.0000e+00 -8.0714e+02
  487 0.0000e+00 -Inf       0.0000e+00 -8.0971e+02
  488 0.0000e+00 -Inf       0.0000e+00 -8.1230e+02
  489 0.0000e+00 -Inf       0.0000e+00 -8.1488e+02
  490 0.0000e+00 -Inf       0.0000e+00 -8.1746e+02
  491 0.0000e+00 -Inf       0.0000e+00 -8.2005e+02
  492 0.0000e+00 -Inf       0.0000e+00 -8.2264e+02
  493 0.0000e+00 -Inf       0.0000e+00 -8.2523e+02
  494 0.0000e+00 -Inf       0.0000e+00 -8.2782e+02
  495 0.0000e+00 -Inf       0.0000e+00 -8.3042e+02
  496 0.0000e+00 -Inf       0.0000e+00 -8.3301e+02
  497 0.0000e+00 -Inf       0.0000e+00 -8.3561e+02
  498 0.0000e+00 -Inf       0.0000e+00 -8.3821e+02
  499 0.0000e+00 -Inf       0.0000e+00 -8.4082e+02

Total probability: 1.00000
