Loading index... 

*** FS_INDEX Statistics ***
Database: sprot_F.fas
Database size: 39750692
Number of sequences: 108160

Partitions: STAN#ILVM#KRDEQ#WFYH#GCP

 *** PARTITION TABLE ***
 A  C  D  E  F  G  H  I  K  L  M  N  P  Q  R  S  T  V  W  Y 
 0  4  2  2  3  4  3  1  2  1  1  0  4  2  2  0  0  1  3  3 

Fragment Length: 10
Total Fragments in database: 38777596
Total number of fragments in index: 34833919
Total number of index entries: 9765625
Average size of index entry: 3.57
Maximum size of index entry: 734
Largest index entry: 1304224324

* Distribution of numbers of fragments per index entry *
 Index entry size  Frequency
                0    3222228
                1    1845959
                2    1164038
                3     789722
                4     559911
                5     410246
                6     309464
                7     238890
                8     187365
                9     149287
               10     120666
               11      99325
               12      82428
               13      69359
               14      59087
               15      50206
               16      43185
               17      37119
               18      32505
               19      28270
               20      24797
               21      21556
               22      18930
               23      16724
               24      14789
               25      13359
               26      12013
               27      10708
               28       9506
               29       8729
               30       7813
               31       7145
               32       6531
               33       6065
               34       5654
               35       5103
               36       4749
               37       4183
               38       3946
               39       3638
               40       3316
               41       3170
               42       2969
               43       2719
               44       2442
               45       2358
               46       2187
               47       2085
               48       1948
               49       1675
               50       1603
               51       1615
               52       1460
               53       1401
               54       1348
               55       1224
               56       1079
               57        992
               58       1062
               59       1049
               60        864
               61        872
               62        783
               63        827
               64        742
               65        687
               66        689
               67        650
               68        639
               69        539
               70        514
               71        516
               72        454
               73        469
               74        426
               75        434
               76        400
               77        409
               78        336
               79        359
               80        302
               81        337
               82        288
               83        313
               84        296
               85        270
               86        259
               87        266
               88        260
               89        232
               90        212
               91        228
               92        211
               93        205
               94        147
               95        222
               96        185
               97        166
               98        162
               99        180
              100        157
              101        171
              102        132
              103        175
              104        130
              105        155
              106        167
              107        123
              108        137
              109        138
              110        150
              111        129
              112        119
              113        137
              114        100
              115        112
              116         98
              117         67
              118         89
              119         89
              120        102
              121         91
              122         88
              123         84
              124         74
              125         65
              126         73
              127         69
              128         64
              129         68
              130         59
              131         60
              132         64
              133         58
              134         50
              135         48
              136         54
              137         37
              138         51
              139         51
              140         26
              141         45
              142         47
              143         34
              144         38
              145         33
              146         36
              147         38
              148         29
              149         27
              150         47
              151         44
              152         30
              153         20
              154         30
              155         30
              156         19
              157         33
              158         32
              159         18
              160         28
              161         21
              162         26
              163         18
              164         32
              165         17
              166         14
              167         17
              168         18
              169         25
              170         22
              171         28
              172         23
              173         15
              174         28
              175         18
              176         15
              177         18
              178         20
              179         16
              180         14
              181         12
              182         10
              183         14
              184         16
              185         17
              186         22
              187         11
              188         12
              189         14
              190         20
              191         16
              192         19
              193         20
              194         10
              195         14
              196         10
              197         12
              198         11
              199          8
              200         11
              201         14
              202         12
              203         12
              204         14
              205         13
              206         15
              207         11
              208          7
              209         14
              210         12
              211         10
              212         15
              213         12
              214         14
              215         16
              216          9
              217         15
              218         12
              219         14
              220          7
              221          9
              222         11
              223         10
              224          6
              225          5
              226         12
              227          6
              228          9
              229          6
              230          4
              231          9
              232          3
              233          6
              234         10
              235          9
              236          3
              237          6
              238         10
              239          6
              240          6
              241          5
              242          5
              243          5
              244          4
              245          3
              246          3
              247          5
              248          5
              249          4
              250          2
              251          1
              252          2
              253          6
              254          1
              255          3
              256          2
              257          4
              258          4
              259          4
              260          6
              261          2
              262          3
              263          5
              264          4
              265          5
              266          4
              267          4
              268          1
              269          1
              270          5
              271          1
              272          3
              273          3
              274          2
              275          3
              276          6
              277          3
              278          4
              279          5
              280          5
              281          4
              282          2
              283          3
              284          2
              285          2
              286          2
              287          3
              289          1
              290          3
              291          1
              292          3
              293          1
              294          2
              295          2
              296          5
              297          3
              298          1
              299          4
              300          4
              301          3
              302          2
              304          2
              305          3
              306          3
              307          2
              308          3
              309          4
              310          1
              311          1
              312          1
              313          3
              314          2
              315          3
              317          2
              318          2
              319          2
              320          2
              321          6
              322          3
              323          4
              325          2
              326          1
              327          4
              329          3
              330          6
              331          7
              332          4
              333          1
              334          4
              335          4
              336          8
              337          5
              338          4
              339          4
              340          4
              341          2
              342          3
              343          5
              344          4
              345          1
              346          3
              347          3
              348          7
              350          8
              351          3
              352          8
              353          5
              354          3
              355          5
              356          3
              357          7
              359          7
              360          2
              361          2
              362          5
              363          7
              364          3
              365         10
              366          7
              367          7
              368          7
              369         12
              370          9
              371          7
              372         10
              373          6
              374          7
              375          3
              376          9
              377          3
              378          5
              379          2
              380          6
              381          1
              382          3
              383          4
              384          3
              385          8
              386          5
              387         11
              388          6
              389          8
              390          8
              391          3
              392          4
              393          4
              394          4
              395          4
              396          6
              397          6
              398          8
              399          3
              400          6
              401          3
              402          5
              403          6
              404          6
              405          6
              406          4
              407          6
              408          1
              409          2
              410          3
              413          1
              414          2
              415          1
              416          2
              418          2
              419          3
              420          1
              422          1
              423          2
              424          3
              426          1
              427          2
              428          2
              429          1
              430          2
              431          1
              432          1
              433          4
              435          2
              436          2
              437          1
              438          1
              439          2
              440          1
              441          1
              442          2
              443          1
              444          2
              445          1
              447          1
              454          1
              458          1
              464          1
              472          1
              478          1
              483          1
              488          1
              500          1
              502          1
              504          1
              506          1
              510          1
              520          1
              524          1
              541          1
              586          1
              587          1
              599          1
              611          1
              734          1

