Loading index... 

*** FS_INDEX Statistics ***
Database: sprot.fas
Database size: 39750692
Number of sequences: 108160

Partitions: STAN#ILVM#KRDEQ#WYFHCPG

 *** PARTITION TABLE ***
 A  C  D  E  F  G  H  I  K  L  M  N  P  Q  R  S  T  V  W  Y 
 0  3  2  2  3  3  3  1  2  1  1  0  3  2  2  0  0  1  3  3 

Fragment Length: 10
Total Fragments in database: 38777596
Total number of fragments in index: 38751330
Total number of index entries: 1048576
Average size of index entry: 36.96
Maximum size of index entry: 10179
Largest index entry: 2222222222

* Distribution of numbers of fragments per index entry *
 Index entry size  Frequency
                0          1
                1         10
                2         51
                3         98
                4        178
                5        337
                6        555
                7        977
                8       1465
                9       2162
               10       3007
               11       4297
               12       5724
               13       7530
               14       9488
               15      11842
               16      14635
               17      16993
               18      19747
               19      22316
               20      24722
               21      27362
               22      29069
               23      30986
               24      32335
               25      33284
               26      34137
               27      34472
               28      34416
               29      33872
               30      33614
               31      32308
               32      31660
               33      30724
               34      29068
               35      28095
               36      26666
               37      25260
               38      23581
               39      22161
               40      21076
               41      19853
               42      18355
               43      17470
               44      16058
               45      14945
               46      13985
               47      13041
               48      11907
               49      11104
               50      10288
               51       9468
               52       8942
               53       8506
               54       7823
               55       7199
               56       6757
               57       6254
               58       5784
               59       5424
               60       5122
               61       4631
               62       4491
               63       4092
               64       3895
               65       3631
               66       3421
               67       3068
               68       2880
               69       2767
               70       2590
               71       2525
               72       2313
               73       2310
               74       1963
               75       1902
               76       1815
               77       1766
               78       1623
               79       1520
               80       1459
               81       1363
               82       1279
               83       1233
               84       1193
               85       1108
               86       1115
               87       1037
               88        905
               89        902
               90        851
               91        868
               92        815
               93        691
               94        694
               95        672
               96        601
               97        630
               98        599
               99        582
              100        576
              101        520
              102        477
              103        489
              104        432
              105        410
              106        424
              107        410
              108        404
              109        390
              110        369
              111        338
              112        360
              113        340
              114        296
              115        304
              116        301
              117        334
              118        259
              119        251
              120        279
              121        278
              122        249
              123        238
              124        253
              125        209
              126        208
              127        210
              128        219
              129        216
              130        203
              131        191
              132        167
              133        206
              134        166
              135        146
              136        152
              137        157
              138        174
              139        125
              140        139
              141        125
              142        155
              143        113
              144        150
              145        131
              146        124
              147        105
              148        127
              149         86
              150        113
              151        106
              152         96
              153         90
              154         96
              155         83
              156         73
              157         82
              158         67
              159         72
              160         69
              161         87
              162         72
              163         74
              164         67
              165         73
              166         75
              167         83
              168         53
              169         56
              170         47
              171         64
              172         42
              173         43
              174         67
              175         55
              176         35
              177         36
              178         44
              179         41
              180         52
              181         42
              182         45
              183         40
              184         36
              185         44
              186         33
              187         46
              188         52
              189         35
              190         42
              191         33
              192         37
              193         33
              194         35
              195         27
              196         28
              197         36
              198         38
              199         28
              200         32
              201         32
              202         30
              203         35
              204         25
              205         29
              206         28
              207         33
              208         26
              209         24
              210         22
              211         16
              212         27
              213         28
              214         21
              215         30
              216         17
              217         19
              218         26
              219         16
              220         26
              221         19
              222         25
              223         16
              224         15
              225         11
              226         16
              227         22
              228         25
              229         20
              230         18
              231         17
              232         14
              233         23
              234         17
              235         13
              236         28
              237         14
              238         23
              239         15
              240         11
              241         17
              242          9
              243         18
              244         10
              245         13
              246         23
              247         14
              248          8
              249         12
              250         14
              251         17
              252         18
              253         21
              254          9
              255         15
              256          5
              257          6
              258         18
              259         11
              260         14
              261         13
              262         11
              263          9
              264         13
              265         12
              266          9
              267         12
              268         10
              269         12
              270          8
              271         11
              272         10
              273          9
              274          9
              275          7
              276          7
              277          6
              278          6
              279          1
              280         11
              281         14
              282          6
              283          3
              284          6
              285         14
              286          5
              287         10
              288          9
              289          6
              290          5
              291         10
              292          4
              293          7
              294          4
              295          6
              296          5
              297          5
              298          5
              299          5
              300          2
              301          1
              302          3
              303          9
              304          7
              305          4
              306          7
              307          4
              308          5
              309          6
              310          6
              311          6
              312          5
              313          6
              314          5
              315          5
              316          3
              317          2
              318          6
              319          3
              320          7
              321          2
              322          9
              323          5
              324          1
              325          1
              326          4
              327          4
              328          4
              329          5
              330          1
              331          6
              332          4
              333          3
              334          2
              335          5
              336          3
              337          5
              338          3
              339          5
              340          2
              341          7
              342          2
              343          4
              344          6
              345         10
              346          4
              347          1
              348          4
              349          1
              350          2
              351          3
              352          1
              353          8
              355          5
              356          4
              357          4
              358          2
              359          4
              360          5
              361          5
              362          3
              363          3
              364          2
              365          5
              366          4
              367          6
              368          6
              369          1
              370          4
              371          5
              372          5
              373          8
              374          4
              375          3
              376          5
              377          1
              378          3
              379          5
              380          4
              381          5
              382          4
              383          2
              384          6
              385          7
              386          2
              387          5
              388          9
              389          4
              390          3
              391          3
              392          3
              393         10
              394          9
              395          7
              396          6
              397          3
              398          3
              399          5
              400          7
              401          9
              402          8
              403          6
              404          7
              405          8
              406          4
              407          7
              408          8
              409          6
              410          4
              411          8
              412          8
              413          8
              414          8
              415          9
              416          6
              417          7
              418          7
              419          7
              420          6
              421          9
              422          4
              423         10
              424          9
              425          2
              426          5
              427          8
              428          6
              429          5
              430          2
              431          6
              432          5
              433          5
              434          4
              435          6
              436          5
              437          5
              438          7
              439          4
              440          3
              441          3
              442          5
              443          4
              444          5
              445          6
              446          2
              447          3
              448          2
              449          1
              450          3
              451          3
              452          2
              453          1
              454          3
              455          2
              456          1
              457          2
              458          2
              459          4
              460          1
              461          2
              462          2
              463          2
              464          3
              465          3
              466          2
              467          2
              468          1
              469          2
              470          1
              471          1
              472          1
              473          1
              474          3
              476          4
              477          1
              478          1
              479          3
              481          2
              482          1
              483          1
              484          1
              488          1
              490          2
              491          1
              493          2
              494          2
              495          1
              496          2
              497          1
              498          2
              499          3
              502          2
              503          2
              509          1
              510          1
              513          1
              518          1
              519          1
              520          1
              526          2
              527          1
              530          2
              532          1
              536          1
              542          1
              543          1
              544          1
              545          2
              546          1
              549          1
              556          1
              557          1
              572          2
              577          1
              579          1
              582          2
              584          1
              586          1
              587          1
              588          2
              590          1
              597          1
              603          1
              618          1
              619          1
              622          1
              624          1
              626          2
              629          1
              630          1
              645          1
              647          1
              657          1
              658          2
              660          1
              663          1
              667          1
              671          1
              680          1
              681          1
              682          1
              688          1
              694          1
              696          1
              720          2
              729          1
              736          1
              739          1
              740          1
              743          1
              746          1
              748          2
              761          1
              763          1
              795          2
              802          1
              807          1
              827          1
              839          1
              844          1
              849          1
              853          1
              857          1
              874          1
              875          1
              880          1
              898          1
              931          1
              945          1
              950          1
              960          1
              974          1
              996          1
             1021          1
             1038          1
             1048          1
             1074          1
             1088          1
             1089          1
             1125          1
             1130          1
             1293          1
             1390          1
             2122          1
             2194          1
             3786          1
             7216          1
            10179          1

