Loading index... 

*** FS_INDEX Statistics ***
Database: sprot.fas
Database size: 39750692
Number of sequences: 108160

Partitions: STAN#ILVM#KR#DEQ#WFYH#GCP

 *** PARTITION TABLE ***
 A  C  D  E  F  G  H  I  K  L  M  N  P  Q  R  S  T  V  W  Y 
 0  5  3  3  4  5  4  1  2  1  1  0  5  3  2  0  0  1  4  4 

Fragment Length: 8
Total Fragments in database: 38993681
Total number of fragments in index: 38970685
Total number of index entries: 1679616
Average size of index entry: 23.20
Maximum size of index entry: 14337
Largest index entry: 00000000

* Distribution of numbers of fragments per index entry *
 Index entry size  Frequency
                0      28957
                1      54041
                2      69337
                3      76162
                4      78318
                5      77464
                6      75238
                7      71537
                8      67042
                9      62947
               10      58700
               11      54311
               12      50517
               13      47235
               14      43783
               15      40110
               16      37533
               17      34890
               18      32630
               19      30239
               20      28436
               21      26508
               22      24938
               23      23296
               24      21908
               25      20393
               26      19166
               27      18232
               28      17032
               29      16114
               30      15168
               31      14190
               32      13633
               33      12767
               34      12451
               35      11573
               36      11095
               37      10381
               38       9851
               39       9274
               40       8776
               41       8440
               42       7949
               43       7574
               44       7442
               45       7049
               46       6839
               47       6417
               48       6047
               49       5843
               50       5758
               51       5345
               52       5016
               53       4958
               54       4786
               55       4668
               56       4334
               57       4261
               58       4082
               59       3891
               60       3806
               61       3588
               62       3388
               63       3388
               64       3178
               65       3060
               66       2959
               67       2930
               68       2790
               69       2646
               70       2504
               71       2447
               72       2341
               73       2426
               74       2233
               75       2219
               76       2090
               77       2065
               78       1972
               79       1941
               80       1825
               81       1787
               82       1796
               83       1648
               84       1584
               85       1587
               86       1458
               87       1518
               88       1379
               89       1376
               90       1403
               91       1313
               92       1270
               93       1275
               94       1262
               95       1162
               96       1100
               97       1062
               98       1001
               99       1075
              100        987
              101        980
              102        987
              103        974
              104        856
              105        954
              106        861
              107        880
              108        787
              109        763
              110        793
              111        792
              112        786
              113        727
              114        728
              115        714
              116        727
              117        697
              118        671
              119        660
              120        618
              121        622
              122        548
              123        564
              124        590
              125        588
              126        572
              127        469
              128        567
              129        495
              130        490
              131        459
              132        487
              133        499
              134        472
              135        391
              136        422
              137        394
              138        439
              139        412
              140        388
              141        395
              142        366
              143        361
              144        352
              145        356
              146        343
              147        357
              148        322
              149        362
              150        311
              151        341
              152        299
              153        278
              154        291
              155        301
              156        291
              157        258
              158        270
              159        270
              160        240
              161        273
              162        248
              163        247
              164        262
              165        282
              166        232
              167        258
              168        217
              169        222
              170        220
              171        212
              172        213
              173        199
              174        225
              175        186
              176        209
              177        177
              178        179
              179        198
              180        175
              181        175
              182        143
              183        147
              184        166
              185        175
              186        178
              187        183
              188        174
              189        165
              190        150
              191        164
              192        137
              193        136
              194        139
              195        159
              196        135
              197        129
              198        138
              199        126
              200        136
              201        135
              202        114
              203        138
              204        109
              205        108
              206        116
              207        111
              208        138
              209        129
              210        108
              211        106
              212        122
              213         99
              214        106
              215        111
              216        100
              217        107
              218         87
              219        107
              220         95
              221         95
              222        100
              223         92
              224         99
              225        100
              226         87
              227         71
              228        106
              229         88
              230         81
              231         81
              232         89
              233         69
              234         72
              235         80
              236         69
              237         82
              238         77
              239         76
              240         69
              241         67
              242         83
              243         74
              244         66
              245         58
              246         65
              247         69
              248         55
              249         42
              250         63
              251         47
              252         53
              253         63
              254         60
              255         57
              256         45
              257         65
              258         47
              259         47
              260         51
              261         54
              262         47
              263         43
              264         42
              265         38
              266         56
              267         49
              268         36
              269         47
              270         45
              271         43
              272         40
              273         31
              274         38
              275         32
              276         33
              277         32
              278         51
              279         33
              280         43
              281         45
              282         34
              283         28
              284         37
              285         25
              286         27
              287         33
              288         32
              289         24
              290         44
              291         30
              292         26
              293         35
              294         38
              295         28
              296         26
              297         25
              298         21
              299         31
              300         28
              301         20
              302         33
              303         21
              304         26
              305         36
              306         32
              307         24
              308         34
              309         39
              310         17
              311         22
              312         23
              313         23
              314         30
              315         19
              316         28
              317         19
              318         28
              319         17
              320         24
              321         17
              322         18
              323         21
              324         30
              325         22
              326         17
              327         31
              328         28
              329         18
              330         21
              331         26
              332         21
              333         24
              334         21
              335         23
              336         24
              337         26
              338         23
              339         24
              340         21
              341         15
              342         22
              343         25
              344         19
              345         20
              346         22
              347         19
              348          8
              349         17
              350         17
              351         13
              352         22
              353         21
              354         23
              355         22
              356         17
              357         17
              358         16
              359         18
              360         19
              361         22
              362         23
              363         21
              364         22
              365         27
              366         17
              367         19
              368         17
              369         28
              370         20
              371         20
              372         10
              373         13
              374         14
              375         19
              376         12
              377         21
              378         15
              379         15
              380         11
              381         12
              382         12
              383         26
              384         18
              385         14
              386         21
              387         21
              388         13
              389         12
              390         14
              391         25
              392         13
              393         12
              394         12
              395         16
              396         12
              397         11
              398          8
              399         18
              400         18
              401         11
              402         21
              403         13
              404         11
              405         16
              406         15
              407         12
              408         11
              409         20
              410         10
              411         18
              412         20
              413         14
              414         13
              415         16
              416         16
              417         18
              418         20
              419         12
              420         19
              421         11
              422         13
              423         14
              424         19
              425          8
              426          7
              427         10
              428         12
              429         18
              430         14
              431         10
              432         13
              433         18
              434          8
              435         10
              436         11
              437          8
              438          8
              439         11
              440          9
              441          6
              442         18
              443          9
              444         13
              445          9
              446         11
              447         13
              448          8
              449          6
              450          9
              451          8
              452         10
              453          7
              454          9
              455         11
              456          9
              457         13
              458         10
              459          9
              460          7
              461          7
              462          6
              463          9
              464          9
              465          3
              466          6
              467          3
              468          7
              469          6
              470          6
              471          6
              472          7
              473          8
              474          5
              475          3
              476          5
              477          6
              478          2
              479          6
              480          2
              481          6
              482          5
              483          6
              484          4
              485          6
              486          1
              487          3
              488          6
              489         10
              490         11
              491          3
              492          5
              493          1
              494          6
              495          6
              496          5
              497          7
              498          2
              499          9
              500          5
              501          3
              502          3
              503          4
              504          5
              505          6
              506          3
              507          5
              508          3
              509          4
              510          3
              511          4
              512          4
              513          2
              514          4
              515          5
              516          3
              517          2
              518          3
              519          3
              520          3
              521          3
              522          2
              523          5
              524          4
              525          5
              526          3
              527          3
              528          3
              529          3
              530          1
              531          4
              532          3
              533          2
              534          5
              535          4
              536          2
              537          3
              538          3
              539          3
              540          2
              541          4
              542          3
              543          3
              544          1
              545          3
              546          2
              547          5
              548          6
              549          4
              550          4
              551          4
              552          4
              553          4
              554          1
              555          4
              556          4
              557          4
              558          3
              559          3
              560          3
              561          5
              562          7
              564          4
              565          2
              568          2
              569          4
              570          2
              571          4
              572          2
              573          2
              574          2
              576          2
              577          4
              578          2
              579          3
              580          2
              581          3
              582          3
              583          2
              584          1
              585          3
              586          2
              587          5
              588          1
              589          4
              590          2
              591          1
              595          2
              596          1
              597          1
              598          3
              599          1
              600          2
              601          3
              602          3
              603          1
              605          1
              606          2
              607          3
              608          2
              609          1
              611          1
              612          2
              614          1
              615          2
              617          2
              618          1
              620          2
              623          1
              624          2
              628          1
              629          3
              630          2
              631          1
              633          2
              634          2
              635          2
              636          5
              637          1
              638          3
              639          1
              640          1
              641          2
              643          1
              645          1
              646          1
              647          1
              649          3
              650          1
              651          2
              652          3
              654          3
              655          1
              656          2
              658          2
              659          2
              660          4
              661          1
              663          2
              665          1
              666          1
              667          3
              668          1
              669          3
              670          2
              672          3
              675          1
              677          2
              679          1
              680          1
              681          1
              682          3
              683          2
              684          1
              686          1
              687          1
              690          2
              691          2
              692          2
              694          1
              695          1
              696          1
              697          1
              698          1
              700          2
              701          2
              702          5
              703          1
              704          2
              705          1
              706          2
              707          1
              710          2
              711          1
              712          1
              714          1
              715          1
              717          2
              720          2
              721          1
              722          2
              723          3
              724          1
              725          2
              726          1
              727          1
              728          4
              729          1
              730          1
              733          1
              734          3
              735          2
              737          2
              739          1
              740          1
              742          2
              743          1
              745          2
              746          2
              747          1
              749          1
              750          1
              754          2
              755          1
              757          2
              758          1
              759          3
              761          2
              762          2
              763          1
              764          3
              766          1
              767          1
              770          2
              771          2
              773          1
              774          2
              778          1
              779          1
              780          1
              781          1
              783          2
              784          1
              786          1
              787          1
              788          1
              789          2
              792          1
              793          1
              797          2
              798          3
              801          2
              802          1
              805          1
              806          2
              807          1
              809          1
              810          1
              811          2
              812          1
              813          1
              815          1
              817          2
              818          2
              820          1
              823          2
              824          2
              825          3
              826          2
              829          1
              833          1
              837          1
              838          2
              841          1
              845          2
              847          4
              849          1
              850          1
              858          2
              862          1
              870          1
              871          2
              872          2
              877          1
              885          1
              891          2
              892          1
              898          1
              900          1
              901          1
              908          1
              911          2
              915          1
              925          1
              929          2
              930          1
              931          1
              940          1
              943          1
              945          1
              946          1
              947          1
              955          2
              958          1
              962          1
              966          1
              967          1
              968          1
              971          2
              977          1
              981          1
              983          1
              987          1
              989          1
              999          2
             1006          1
             1008          1
             1009          1
             1011          1
             1013          1
             1014          1
             1015          1
             1019          1
             1021          1
             1024          1
             1029          1
             1033          1
             1037          2
             1044          2
             1062          1
             1064          1
             1065          1
             1069          1
             1070          2
             1072          1
             1084          1
             1089          1
             1092          1
             1099          1
             1100          1
             1107          1
             1122          1
             1131          1
             1136          1
             1145          1
             1163          1
             1166          1
             1189          1
             1193          1
             1194          1
             1201          1
             1204          1
             1212          1
             1213          1
             1227          1
             1240          1
             1243          1
             1246          1
             1253          1
             1260          1
             1261          1
             1269          1
             1272          1
             1281          2
             1291          1
             1303          1
             1306          1
             1322          1
             1333          1
             1334          1
             1348          1
             1377          1
             1442          1
             1515          1
             1529          1
             1559          1
             1568          1
             1598          1
             1626          1
             1656          1
             1792          1
             1800          1
             1807          1
             1810          1
             1826          1
             1892          1
             1900          1
             1921          1
             1965          1
             1983          1
             2012          1
             2052          1
             2218          1
             2255          1
             2326          1
             2473          1
             2482          1
             2531          1
             2699          1
             2702          1
             2912          1
             3449          1
             7662          1
            14337          1

