Loading index... 

*** FS_INDEX Statistics ***
Database: sprot_F.fas
Database size: 39750692
Number of sequences: 108160

Partitions: STAN#ILVM#KR#DEQ#WFYH#GCP

 *** PARTITION TABLE ***
 A  C  D  E  F  G  H  I  K  L  M  N  P  Q  R  S  T  V  W  Y 
 0  5  3  3  4  5  4  1  2  1  1  0  5  3  2  0  0  1  4  4 

Fragment Length: 8
Total Fragments in database: 38993681
Total number of fragments in index: 35289647
Total number of index entries: 1679616
Average size of index entry: 21.01
Maximum size of index entry: 1311
Largest index entry: 10011001

* Distribution of numbers of fragments per index entry *
 Index entry size  Frequency
                0      35891
                1      63062
                2      77483
                3      83424
                4      83823
                5      81840
                6      78427
                7      73556
                8      68536
                9      63661
               10      59359
               11      54473
               12      50552
               13      46386
               14      43288
               15      39635
               16      36947
               17      34175
               18      31628
               19      29419
               20      27205
               21      25728
               22      24330
               23      22267
               24      20846
               25      19643
               26      18345
               27      17364
               28      15925
               29      15411
               30      14414
               31      13408
               32      12884
               33      12246
               34      11525
               35      10812
               36      10211
               37       9661
               38       9087
               39       8848
               40       8156
               41       7822
               42       7458
               43       7100
               44       6766
               45       6515
               46       6284
               47       5946
               48       5659
               49       5346
               50       5125
               51       4877
               52       4713
               53       4658
               54       4383
               55       4106
               56       3947
               57       3838
               58       3690
               59       3493
               60       3339
               61       3160
               62       3256
               63       3008
               64       2865
               65       2811
               66       2671
               67       2601
               68       2541
               69       2416
               70       2323
               71       2209
               72       2160
               73       2167
               74       1972
               75       1907
               76       1827
               77       1766
               78       1794
               79       1701
               80       1595
               81       1624
               82       1511
               83       1456
               84       1429
               85       1295
               86       1365
               87       1300
               88       1318
               89       1285
               90       1192
               91       1113
               92       1089
               93       1100
               94        971
               95       1033
               96        956
               97        998
               98        879
               99        903
              100        880
              101        864
              102        819
              103        864
              104        788
              105        811
              106        790
              107        761
              108        704
              109        660
              110        722
              111        665
              112        666
              113        629
              114        685
              115        576
              116        601
              117        575
              118        552
              119        542
              120        493
              121        512
              122        505
              123        454
              124        500
              125        444
              126        468
              127        479
              128        441
              129        407
              130        398
              131        383
              132        362
              133        407
              134        391
              135        363
              136        359
              137        352
              138        361
              139        379
              140        317
              141        317
              142        311
              143        339
              144        286
              145        292
              146        280
              147        311
              148        264
              149        274
              150        287
              151        273
              152        273
              153        221
              154        233
              155        235
              156        232
              157        242
              158        232
              159        214
              160        225
              161        205
              162        222
              163        209
              164        178
              165        206
              166        183
              167        187
              168        190
              169        181
              170        179
              171        162
              172        164
              173        188
              174        155
              175        146
              176        148
              177        141
              178        159
              179        157
              180        155
              181        143
              182        133
              183        163
              184        139
              185        137
              186        108
              187        149
              188        125
              189        117
              190        117
              191        133
              192        111
              193        134
              194        121
              195        102
              196        116
              197        106
              198        105
              199        101
              200         92
              201         96
              202        100
              203         86
              204         78
              205         93
              206         99
              207         85
              208         82
              209         84
              210         97
              211         78
              212         75
              213         84
              214         69
              215         73
              216         75
              217         69
              218         75
              219         81
              220         80
              221         68
              222         58
              223         76
              224         52
              225         61
              226         72
              227         63
              228         64
              229         56
              230         58
              231         46
              232         39
              233         68
              234         52
              235         53
              236         41
              237         47
              238         52
              239         39
              240         51
              241         53
              242         49
              243         52
              244         45
              245         48
              246         36
              247         42
              248         50
              249         39
              250         40
              251         33
              252         47
              253         37
              254         44
              255         46
              256         38
              257         40
              258         35
              259         37
              260         31
              261         33
              262         35
              263         35
              264         36
              265         42
              266         22
              267         35
              268         27
              269         25
              270         39
              271         22
              272         21
              273         24
              274         25
              275         30
              276         18
              277         27
              278         39
              279         24
              280         32
              281         34
              282         26
              283         25
              284         26
              285         28
              286         33
              287         26
              288         30
              289         27
              290         21
              291         33
              292         28
              293         32
              294         26
              295         17
              296         20
              297         23
              298         18
              299         26
              300         21
              301         19
              302         22
              303         26
              304         26
              305         25
              306         11
              307         12
              308         20
              309         13
              310         29
              311         19
              312         11
              313         18
              314         18
              315         17
              316         23
              317         12
              318         26
              319         17
              320         20
              321         14
              322         20
              323         16
              324         14
              325         15
              326         17
              327         17
              328         14
              329         12
              330         13
              331         16
              332         13
              333         14
              334         23
              335         19
              336         16
              337         12
              338         13
              339         14
              340         14
              341         14
              342         10
              343         12
              344         19
              345         13
              346         14
              347         18
              348          8
              349         22
              350         11
              351          8
              352          8
              353         10
              354         13
              355         14
              356         16
              357          7
              358         17
              359         11
              360         16
              361         13
              362         10
              363         12
              364         10
              365         13
              366         12
              367          9
              368         12
              369         13
              370          8
              371         17
              372         10
              373         15
              374         16
              375          9
              376         12
              377          8
              378         13
              379          9
              380         11
              381          9
              382         13
              383         16
              384         12
              385          7
              386          6
              387         16
              388         16
              389         13
              390          5
              391         13
              392          9
              393          6
              394         13
              395          9
              396          6
              397          9
              398         10
              399          9
              400          7
              401          9
              402         11
              404         14
              405          9
              406         10
              407          6
              408          5
              409          7
              410          6
              411         14
              412         12
              413         13
              414          6
              415         12
              416          9
              417         14
              418          9
              419          8
              420         10
              421          6
              422         11
              423          8
              424          9
              425          6
              426         11
              427          5
              428          6
              429          6
              430          5
              431          8
              432          8
              433          3
              434          7
              435          3
              436          8
              437          8
              438          3
              439          5
              440          6
              441          5
              442          6
              443          8
              444          3
              445          5
              446          4
              447          3
              448         11
              449          2
              450          4
              451          5
              452          4
              453          2
              454          2
              455          5
              456          3
              457          3
              458          3
              459          3
              460          5
              461          3
              462          1
              463          4
              465          1
              466          3
              467          4
              468          1
              469          2
              470          3
              471          2
              472          4
              473          6
              474          5
              475          3
              476          2
              477          3
              478          5
              479          4
              480          1
              481          1
              482          5
              483          4
              484          1
              485          4
              486          1
              487          1
              488          4
              489          4
              490          4
              491          3
              492          1
              493          2
              494          5
              496          2
              497          2
              498          6
              499          1
              501          4
              502          1
              503          5
              504          5
              505          4
              506          1
              507          2
              508          1
              509          2
              510          2
              512          1
              513          2
              515          2
              516          4
              517          3
              518          1
              519          2
              520          1
              521          1
              522          4
              523          1
              524          1
              525          1
              526          2
              527          2
              528          4
              529          1
              530          1
              531          1
              532          3
              534          1
              536          1
              537          1
              538          2
              539          1
              540          1
              541          5
              542          5
              543          2
              545          2
              546          1
              547          3
              548          1
              549          1
              550          2
              551          2
              552          2
              553          1
              554          2
              555          2
              556          1
              560          2
              561          1
              562          7
              563          1
              564          2
              566          1
              567          1
              569          1
              571          1
              573          3
              575          2
              577          4
              578          2
              583          3
              584          2
              585          2
              586          3
              587          1
              588          2
              591          1
              593          2
              594          1
              595          1
              597          1
              598          3
              599          2
              600          1
              601          2
              604          1
              605          1
              607          1
              610          1
              612          1
              615          1
              616          3
              617          1
              623          2
              624          2
              626          1
              627          1
              628          2
              631          1
              633          2
              636          2
              638          2
              639          2
              641          1
              645          1
              646          2
              651          1
              655          1
              659          1
              660          1
              661          1
              666          1
              667          1
              670          1
              672          1
              674          1
              675          1
              678          1
              681          2
              688          3
              702          1
              710          1
              715          1
              716          2
              717          1
              718          1
              723          1
              725          1
              730          1
              739          1
              743          1
              746          1
              747          1
              751          1
              758          1
              761          1
              763          1
              765          1
              774          1
              781          1
              801          1
              828          1
              831          1
              844          1
              884          1
              889          1
              909          1
              980          1
             1007          1
             1079          1
             1119          1
             1155          1
             1311          1

