Loading index... 

*** FS_INDEX Statistics ***
Database: sprot_F.fas
Database size: 39750692
Number of sequences: 108160

Partitions: STAN#ILVM#KRDEQ#WFYHGCP

 *** PARTITION TABLE ***
 A  C  D  E  F  G  H  I  K  L  M  N  P  Q  R  S  T  V  W  Y 
 0  3  2  2  3  3  3  1  2  1  1  0  3  2  2  0  0  1  3  3 

Fragment Length: 10
Total Fragments in database: 38777596
Total number of fragments in index: 3526363
Total number of index entries: 1048576
Average size of index entry: 3.36
Maximum size of index entry: 302
Largest index entry: 0030010313

* Distribution of numbers of fragments per index entry *
 Index entry size  Frequency
                0      97774
                1     184694
                2     204087
                3     174449
                4     129858
                5      88660
                6      58023
                7      37040
                8      23787
                9      15260
               10       9886
               11       6675
               12       4449
               13       3177
               14       2195
               15       1639
               16       1185
               17        958
               18        677
               19        553
               20        409
               21        339
               22        304
               23        254
               24        197
               25        174
               26        157
               27        133
               28        123
               29        106
               30         98
               31         72
               32         68
               33         61
               34         49
               35         57
               36         59
               37         47
               38         38
               39         40
               40         33
               41         27
               42         23
               43         23
               44         30
               45         25
               46         22
               47         22
               48         17
               49         14
               50         20
               51         17
               52         11
               53         13
               54         14
               55         20
               56         13
               57         11
               58          8
               59          7
               60         10
               61         10
               62          9
               63          5
               64          9
               65          8
               66          9
               67          6
               68          7
               69          6
               70          5
               71          9
               72          8
               73          7
               74          6
               75          6
               76          2
               77          5
               78         10
               79          5
               80          6
               81          6
               82          3
               83          2
               84          6
               85          2
               86          5
               87          2
               88          5
               89          2
               90          5
               91          4
               92          4
               94          2
               95          6
               96          1
               97          2
               98          5
               99          3
              100          2
              101          5
              102          3
              103          7
              104          4
              105          4
              106          8
              107          7
              108         11
              109          3
              110          6
              111          7
              112          4
              113          1
              114          3
              115          3
              116          2
              117          7
              118          3
              119          1
              120          1
              121          2
              122          1
              123          2
              124          3
              125          1
              129          2
              131          1
              134          2
              135          1
              137          1
              138          1
              139          1
              140          1
              141          3
              142          1
              143          1
              144          1
              153          1
              158          1
              160          1
              173          1
              174          2
              177          2
              178          1
              181          2
              191          1
              193          1
              198          1
              199          1
              201          2
              203          1
              204          1
              206          1
              208          3
              210          2
              211          1
              212          1
              213          1
              214          3
              216          1
              217          3
              218          1
              219          4
              220          1
              221          1
              222          2
              223          2
              225          2
              227          1
              229          1
              230          1
              231          1
              242          1
              244          1
              245          1
              250          1
              253          1
              271          1
              272          1
              289          3
              296          1
              299          1
              302          1

