Loading index... 

*** FS_INDEX Statistics ***
Database: sprot.fas
Database size: 39750692
Number of sequences: 108160

Partitions: STAN#ILVM#KRDEQ#WFYHGCP

 *** PARTITION TABLE ***
 A  C  D  E  F  G  H  I  K  L  M  N  P  Q  R  S  T  V  W  Y 
 0  3  2  2  3  3  3  1  2  1  1  0  3  2  2  0  0  1  3  3 

Fragment Length: 10
Total Fragments in database: 38777596
Total number of fragments in index: 3923755
Total number of index entries: 1048576
Average size of index entry: 3.74
Maximum size of index entry: 1001
Largest index entry: 2222222222

* Distribution of numbers of fragments per index entry *
 Index entry size  Frequency
                0      80180
                1     162865
                2     190799
                3     173495
                4     136197
                5      97320
                6      66797
                7      44187
                8      29266
                9      19605
               10      12803
               11       9006
               12       6096
               13       4409
               14       3202
               15       2292
               16       1720
               17       1308
               18       1036
               19        811
               20        640
               21        493
               22        437
               23        373
               24        291
               25        279
               26        252
               27        203
               28        185
               29        153
               30        137
               31        127
               32        109
               33         90
               34         81
               35         63
               36         77
               37         57
               38         60
               39         43
               40         46
               41         40
               42         36
               43         31
               44         35
               45         30
               46         39
               47         29
               48         19
               49         29
               50         27
               51         23
               52         18
               53         22
               54         21
               55         22
               56         15
               57         14
               58         15
               59         15
               60         14
               61         12
               62         11
               63         13
               64         12
               65          7
               66          8
               67         10
               68          5
               69         10
               70          8
               71         11
               72         13
               73          4
               74          8
               75          7
               76          6
               77          8
               78         18
               79         10
               80          9
               81         10
               82          6
               83          4
               84          5
               85          4
               86          3
               87          6
               88          7
               89          1
               90          4
               91          3
               92          5
               93          3
               94          5
               95          7
               96          2
               97          2
               98          4
               99          6
              100          4
              101          6
              102          5
              103          6
              104          4
              105          3
              106         13
              107          5
              108         13
              109          3
              110          5
              111          5
              112          9
              113          3
              114          3
              115          3
              116          3
              117          7
              118          6
              119          2
              121          1
              122          3
              123          3
              124          2
              125          3
              129          3
              131          1
              132          2
              134          1
              135          1
              137          2
              138          1
              139          1
              140          1
              141          1
              142          3
              143          2
              144          1
              146          1
              156          1
              158          1
              160          1
              173          1
              174          1
              177          2
              178          1
              181          1
              185          1
              186          1
              191          1
              192          1
              193          1
              199          1
              200          2
              201          1
              205          1
              207          1
              208          1
              209          3
              210          3
              212          2
              213          1
              216          2
              217          2
              218          2
              219          3
              220          1
              221          4
              222          3
              223          2
              225          1
              226          2
              227          1
              231          2
              242          1
              245          1
              248          1
              249          1
              251          2
              253          1
              263          1
              274          1
              278          1
              289          1
              290          1
              291          1
              296          1
              301          1
              302          1
              417          1
              689          1
             1001          1

