.........*.........*.........*.........*.........* 524250
.........*.........*.........*.........*.........* 1048500
*** SIMULATED BIN SIZE PROBABILITIES ***
Number of fragments: 3923755
Fragment length: 10
Number of clusters: 4
Number of bins: 1048576
Average bin size: 3.74
Clusters: STAN#ILVM#KRDEQ#WFYHGCP

Cluster probabilities
  0      1      2      3    
0.2462 0.2441 0.2684 0.2413 

    k     P(X=k) log P(X=k)        Pav    log Pav
    0 2.5066e-02 -3.6862e+00 2.3707e-02 -3.7420e+00
    1 8.9598e-02 -2.4124e+00 8.8711e-02 -2.4224e+00
    2 1.6263e-01 -1.8163e+00 1.6598e-01 -1.7959e+00
    3 1.9999e-01 -1.6095e+00 2.0703e-01 -1.5749e+00
    4 1.8757e-01 -1.6736e+00 1.9367e-01 -1.6416e+00
    5 1.4321e-01 -1.9435e+00 1.4495e-01 -1.9314e+00
    6 9.2767e-02 -2.3777e+00 9.0397e-02 -2.4035e+00
    7 5.2472e-02 -2.9475e+00 4.8324e-02 -3.0298e+00
    8 2.6469e-02 -3.6318e+00 2.2603e-02 -3.7897e+00
    9 1.2102e-02 -4.4144e+00 9.3979e-03 -4.6673e+00
   10 5.0796e-03 -5.2825e+00 3.5167e-03 -5.6502e+00
   11 1.9779e-03 -6.2257e+00 1.1963e-03 -6.7285e+00
   12 7.2055e-04 -7.2355e+00 3.7305e-04 -7.8938e+00
   13 2.4737e-04 -8.3046e+00 1.0738e-04 -9.1391e+00
   14 8.0512e-05 -9.4271e+00 2.8701e-05 -1.0459e+01
   15 2.4973e-05 -1.0598e+01 7.1599e-06 -1.1847e+01
   16 7.4148e-06 -1.1812e+01 1.6745e-06 -1.3300e+01
   17 2.1155e-06 -1.3066e+01 3.6859e-07 -1.4814e+01
   18 5.8189e-07 -1.4357e+01 7.6625e-08 -1.6384e+01
   19 1.5475e-07 -1.5681e+01 1.5091e-08 -1.8009e+01
   20 3.9893e-08 -1.7037e+01 2.8235e-09 -1.9685e+01
   21 9.9894e-09 -1.8422e+01 5.0312e-10 -2.1410e+01
   22 2.4344e-09 -1.9834e+01 8.5576e-11 -2.3182e+01
   23 5.7831e-10 -2.1271e+01 1.3923e-11 -2.4997e+01
   24 1.3410e-10 -2.2732e+01 2.1708e-12 -2.6856e+01
   25 3.0388e-11 -2.4217e+01 3.2492e-13 -2.8755e+01
   26 6.7333e-12 -2.5724e+01 0.0000e+00 -3.0694e+01
   27 1.4576e-12 -2.7254e+01 0.0000e+00 -3.2670e+01
   28 3.0656e-13 -2.8813e+01 0.0000e+00 -3.4682e+01
   29 6.1973e-14 -3.0412e+01 0.0000e+00 -3.6730e+01
   30 1.2114e-14 -3.2044e+01 0.0000e+00 -3.8812e+01
   31 2.3396e-15 -3.3689e+01 0.0000e+00 -4.0926e+01
   32 3.7325e-16 -3.5524e+01 0.0000e+00 -4.3072e+01
   33 5.0445e-17 -3.7526e+01 0.0000e+00 -4.5249e+01
   34 9.3798e-18 -3.9208e+01 0.0000e+00 -4.7456e+01
   35 6.4500e-19 -4.1885e+01 0.0000e+00 -4.9692e+01
   36 1.3627e-19 -4.3440e+01 0.0000e+00 -5.1956e+01
   37 0.0000e+00 -Inf       0.0000e+00 -5.4247e+01
   38 0.0000e+00 -Inf       0.0000e+00 -5.6565e+01
   39 0.0000e+00 -Inf       0.0000e+00 -5.8909e+01
   40 0.0000e+00 -Inf       0.0000e+00 -6.1278e+01
   41 0.0000e+00 -Inf       0.0000e+00 -6.3672e+01
   42 0.0000e+00 -Inf       0.0000e+00 -6.6090e+01
   43 0.0000e+00 -Inf       0.0000e+00 -6.8532e+01
   44 0.0000e+00 -Inf       0.0000e+00 -7.0996e+01
   45 0.0000e+00 -Inf       0.0000e+00 -7.3483e+01
   46 0.0000e+00 -Inf       0.0000e+00 -7.5992e+01
   47 0.0000e+00 -Inf       0.0000e+00 -7.8523e+01
   48 0.0000e+00 -Inf       0.0000e+00 -8.1074e+01
   49 0.0000e+00 -Inf       0.0000e+00 -8.3647e+01
   50 0.0000e+00 -Inf       0.0000e+00 -8.6239e+01
   51 0.0000e+00 -Inf       0.0000e+00 -8.8851e+01
   52 0.0000e+00 -Inf       0.0000e+00 -9.1483e+01
   53 0.0000e+00 -Inf       0.0000e+00 -9.4133e+01
   54 0.0000e+00 -Inf       0.0000e+00 -9.6803e+01
   55 0.0000e+00 -Inf       0.0000e+00 -9.9491e+01
   56 0.0000e+00 -Inf       0.0000e+00 -1.0220e+02
   57 0.0000e+00 -Inf       0.0000e+00 -1.0492e+02
   58 0.0000e+00 -Inf       0.0000e+00 -1.0766e+02
   59 0.0000e+00 -Inf       0.0000e+00 -1.1042e+02
   60 0.0000e+00 -Inf       0.0000e+00 -1.1319e+02
   61 0.0000e+00 -Inf       0.0000e+00 -1.1598e+02
   62 0.0000e+00 -Inf       0.0000e+00 -1.1879e+02
   63 0.0000e+00 -Inf       0.0000e+00 -1.2162e+02
   64 0.0000e+00 -Inf       0.0000e+00 -1.2445e+02
   65 0.0000e+00 -Inf       0.0000e+00 -1.2731e+02
   66 0.0000e+00 -Inf       0.0000e+00 -1.3018e+02
   67 0.0000e+00 -Inf       0.0000e+00 -1.3306e+02
   68 0.0000e+00 -Inf       0.0000e+00 -1.3596e+02
   69 0.0000e+00 -Inf       0.0000e+00 -1.3888e+02
   70 0.0000e+00 -Inf       0.0000e+00 -1.4181e+02
   71 0.0000e+00 -Inf       0.0000e+00 -1.4475e+02
   72 0.0000e+00 -Inf       0.0000e+00 -1.4771e+02
   73 0.0000e+00 -Inf       0.0000e+00 -1.5068e+02
   74 0.0000e+00 -Inf       0.0000e+00 -1.5366e+02
   75 0.0000e+00 -Inf       0.0000e+00 -1.5666e+02
   76 0.0000e+00 -Inf       0.0000e+00 -1.5967e+02
   77 0.0000e+00 -Inf       0.0000e+00 -1.6270e+02
   78 0.0000e+00 -Inf       0.0000e+00 -1.6573e+02
   79 0.0000e+00 -Inf       0.0000e+00 -1.6878e+02
   80 0.0000e+00 -Inf       0.0000e+00 -1.7185e+02
   81 0.0000e+00 -Inf       0.0000e+00 -1.7492e+02
   82 0.0000e+00 -Inf       0.0000e+00 -1.7801e+02
   83 0.0000e+00 -Inf       0.0000e+00 -1.8111e+02
   84 0.0000e+00 -Inf       0.0000e+00 -1.8422e+02
   85 0.0000e+00 -Inf       0.0000e+00 -1.8734e+02
   86 0.0000e+00 -Inf       0.0000e+00 -1.9048e+02
   87 0.0000e+00 -Inf       0.0000e+00 -1.9362e+02
   88 0.0000e+00 -Inf       0.0000e+00 -1.9678e+02
   89 0.0000e+00 -Inf       0.0000e+00 -1.9995e+02
   90 0.0000e+00 -Inf       0.0000e+00 -2.0313e+02
   91 0.0000e+00 -Inf       0.0000e+00 -2.0632e+02
   92 0.0000e+00 -Inf       0.0000e+00 -2.0952e+02
   93 0.0000e+00 -Inf       0.0000e+00 -2.1274e+02
   94 0.0000e+00 -Inf       0.0000e+00 -2.1596e+02
   95 0.0000e+00 -Inf       0.0000e+00 -2.1919e+02
   96 0.0000e+00 -Inf       0.0000e+00 -2.2244e+02
   97 0.0000e+00 -Inf       0.0000e+00 -2.2569e+02
   98 0.0000e+00 -Inf       0.0000e+00 -2.2896e+02
   99 0.0000e+00 -Inf       0.0000e+00 -2.3223e+02

Total probability: 1.00000
