.........*.........*.........*.........*.........* 4882800
.........*.........*.........*.........*.........* 9765600
*** SIMULATED BIN SIZE PROBABILITIES ***
Number of fragments: 38751330
Fragment length: 10
Number of clusters: 5
Number of bins: 9765625
Average bin size: 3.97
Clusters: STAN#ILVM#KRDEQ#WFYH#GPC

Cluster probabilities
  0      1      2      3      4    
0.2496 0.2426 0.2617 0.1090 0.1371 

    k     P(X=k) log P(X=k)        Pav    log Pav
    0 4.7473e-02 -3.0476e+00 1.8909e-02 -3.9681e+00
    1 7.0143e-02 -2.6572e+00 7.5032e-02 -2.5898e+00
    2 7.6316e-02 -2.5729e+00 1.4887e-01 -1.9047e+00
    3 7.4756e-02 -2.5935e+00 1.9691e-01 -1.6250e+00
    4 6.9889e-02 -2.6608e+00 1.9534e-01 -1.6330e+00
    5 6.3876e-02 -2.7508e+00 1.5503e-01 -1.8641e+00
    6 5.7868e-02 -2.8496e+00 1.0253e-01 -2.2776e+00
    7 5.2363e-02 -2.9496e+00 5.8121e-02 -2.8452e+00
    8 4.7368e-02 -3.0498e+00 2.8829e-02 -3.5464e+00
    9 4.2664e-02 -3.1544e+00 1.2711e-02 -4.3653e+00
   10 3.8091e-02 -3.2678e+00 5.0439e-03 -5.2896e+00
   11 3.3684e-02 -3.3907e+00 1.8195e-03 -6.3092e+00
   12 2.9630e-02 -3.5190e+00 6.0168e-04 -7.4158e+00
   13 2.6141e-02 -3.6442e+00 1.8366e-04 -8.6024e+00
   14 2.3342e-02 -3.7575e+00 5.2055e-05 -9.8632e+00
   15 2.1222e-02 -3.8527e+00 1.3771e-05 -1.1193e+01
   16 1.9654e-02 -3.9295e+00 3.4153e-06 -1.2587e+01
   17 1.8446e-02 -3.9929e+00 7.9719e-07 -1.4042e+01
   18 1.7398e-02 -4.0514e+00 1.7574e-07 -1.5554e+01
   19 1.6348e-02 -4.1136e+00 3.6704e-08 -1.7120e+01
   20 1.5196e-02 -4.1867e+00 7.2823e-09 -1.8738e+01
   21 1.3906e-02 -4.2754e+00 1.3761e-09 -2.0404e+01
   22 1.2494e-02 -4.3825e+00 2.4820e-10 -2.2117e+01
   23 1.1012e-02 -4.5087e+00 4.2821e-11 -2.3874e+01
   24 9.5335e-03 -4.6529e+00 7.0800e-12 -2.5674e+01
   25 8.1292e-03 -4.8123e+00 1.1238e-12 -2.7514e+01
   26 6.8615e-03 -4.9818e+00 1.7151e-13 -2.9394e+01
   27 5.7747e-03 -5.1543e+00 2.5207e-14 -3.1312e+01
   28 4.8927e-03 -5.3200e+00 3.5723e-15 -3.3266e+01
   29 4.2199e-03 -5.4679e+00 0.0000e+00 -3.5255e+01
   30 3.7437e-03 -5.5877e+00 0.0000e+00 -3.7277e+01
   31 3.4391e-03 -5.6725e+00 0.0000e+00 -3.9333e+01
   32 3.2733e-03 -5.7220e+00 0.0000e+00 -4.1421e+01
   33 3.2100e-03 -5.7415e+00 0.0000e+00 -4.3539e+01
   34 3.2132e-03 -5.7405e+00 0.0000e+00 -4.5687e+01
   35 3.2497e-03 -5.7292e+00 0.0000e+00 -4.7864e+01
   36 3.2917e-03 -5.7164e+00 0.0000e+00 -5.0069e+01
   37 3.3172e-03 -5.7086e+00 0.0000e+00 -5.2302e+01
   38 3.3109e-03 -5.7105e+00 0.0000e+00 -5.4561e+01
   39 3.2637e-03 -5.7249e+00 0.0000e+00 -5.6846e+01
   40 3.1722e-03 -5.7533e+00 0.0000e+00 -5.9157e+01
   41 3.0374e-03 -5.7968e+00 0.0000e+00 -6.1492e+01
   42 2.8642e-03 -5.8555e+00 0.0000e+00 -6.3852e+01
   43 2.6598e-03 -5.9295e+00 0.0000e+00 -6.6234e+01
   44 2.4329e-03 -6.0187e+00 0.0000e+00 -6.8640e+01
   45 2.1926e-03 -6.1227e+00 0.0000e+00 -7.1069e+01
   46 1.9475e-03 -6.2412e+00 0.0000e+00 -7.3519e+01
   47 1.7055e-03 -6.3739e+00 0.0000e+00 -7.5991e+01
   48 1.4732e-03 -6.5203e+00 0.0000e+00 -7.8484e+01
   49 1.2556e-03 -6.6802e+00 0.0000e+00 -8.0997e+01
   50 1.0562e-03 -6.8530e+00 0.0000e+00 -8.3531e+01
   51 8.7741e-04 -7.0385e+00 0.0000e+00 -8.6085e+01
   52 7.1992e-04 -7.2364e+00 0.0000e+00 -8.8658e+01
   53 5.8367e-04 -7.4462e+00 0.0000e+00 -9.1250e+01
   54 4.6771e-04 -7.6677e+00 0.0000e+00 -9.3860e+01
   55 3.7055e-04 -7.9005e+00 0.0000e+00 -9.6489e+01
   56 2.9033e-04 -8.1445e+00 0.0000e+00 -9.9136e+01
   57 2.2503e-04 -8.3993e+00 0.0000e+00 -1.0180e+02
   58 1.7258e-04 -8.6647e+00 0.0000e+00 -1.0448e+02
   59 1.3099e-04 -8.9404e+00 0.0000e+00 -1.0718e+02
   60 9.8423e-05 -9.2262e+00 0.0000e+00 -1.0990e+02
   61 7.3225e-05 -9.5220e+00 0.0000e+00 -1.1263e+02
   62 5.3952e-05 -9.8274e+00 0.0000e+00 -1.1538e+02
   63 3.9375e-05 -1.0142e+01 0.0000e+00 -1.1814e+02
   64 2.8470e-05 -1.0467e+01 0.0000e+00 -1.2093e+02
   65 2.0397e-05 -1.0800e+01 0.0000e+00 -1.2372e+02
   66 1.4482e-05 -1.1143e+01 0.0000e+00 -1.2653e+02
   67 1.0192e-05 -1.1494e+01 0.0000e+00 -1.2936e+02
   68 7.1100e-06 -1.1854e+01 0.0000e+00 -1.3220e+02
   69 4.9177e-06 -1.2223e+01 0.0000e+00 -1.3506e+02
   70 3.3727e-06 -1.2600e+01 0.0000e+00 -1.3793e+02
   71 2.2938e-06 -1.2985e+01 0.0000e+00 -1.4081e+02
   72 1.5472e-06 -1.3379e+01 0.0000e+00 -1.4371e+02
   73 1.0351e-06 -1.3781e+01 0.0000e+00 -1.4662e+02
   74 6.8699e-07 -1.4191e+01 0.0000e+00 -1.4955e+02
   75 4.5230e-07 -1.4609e+01 0.0000e+00 -1.5249e+02
   76 2.9545e-07 -1.5035e+01 0.0000e+00 -1.5544e+02
   77 1.9148e-07 -1.5468e+01 0.0000e+00 -1.5840e+02
   78 1.2314e-07 -1.5910e+01 0.0000e+00 -1.6138e+02
   79 7.8581e-08 -1.6359e+01 0.0000e+00 -1.6437e+02
   80 4.9764e-08 -1.6816e+01 0.0000e+00 -1.6738e+02
   81 3.1276e-08 -1.7280e+01 0.0000e+00 -1.7039e+02
   82 1.9509e-08 -1.7752e+01 0.0000e+00 -1.7342e+02
   83 1.2077e-08 -1.8232e+01 0.0000e+00 -1.7646e+02
   84 7.4213e-09 -1.8719e+01 0.0000e+00 -1.7952e+02
   85 4.5263e-09 -1.9213e+01 0.0000e+00 -1.8258e+02
   86 2.7403e-09 -1.9715e+01 0.0000e+00 -1.8566e+02
   87 1.6468e-09 -2.0224e+01 0.0000e+00 -1.8874e+02
   88 9.8236e-10 -2.0741e+01 0.0000e+00 -1.9184e+02
   89 5.8173e-10 -2.1265e+01 0.0000e+00 -1.9495e+02
   90 3.4197e-10 -2.1796e+01 0.0000e+00 -1.9807e+02
   91 1.9956e-10 -2.2335e+01 0.0000e+00 -2.0121e+02
   92 1.1561e-10 -2.2881e+01 0.0000e+00 -2.0435e+02
   93 6.6489e-11 -2.3434e+01 0.0000e+00 -2.0750e+02
   94 3.7962e-11 -2.3994e+01 0.0000e+00 -2.1067e+02
   95 2.1517e-11 -2.4562e+01 0.0000e+00 -2.1385e+02
   96 1.2108e-11 -2.5137e+01 0.0000e+00 -2.1703e+02
   97 6.7639e-12 -2.5719e+01 0.0000e+00 -2.2023e+02
   98 3.7512e-12 -2.6309e+01 0.0000e+00 -2.2343e+02
   99 2.0654e-12 -2.6906e+01 0.0000e+00 -2.2665e+02

Total probability: 1.00000
