.........*.........*.........*.........*.........* 524250
.........*.........*.........*.........*.........* 1048500
*** SIMULATED BIN SIZE PROBABILITIES ***
Number of fragments: 3526363
Fragment length: 10
Number of clusters: 4
Number of bins: 1048576
Average bin size: 3.36
Clusters: STAN#ILVM#KRDEQ#WFYHGCP

Cluster probabilities
  0      1      2      3    
0.2462 0.2441 0.2684 0.2413 

    k     P(X=k) log P(X=k)        Pav    log Pav
    0 3.6037e-02 -3.3232e+00 3.4631e-02 -3.3630e+00
    1 1.1643e-01 -2.1504e+00 1.1646e-01 -2.1502e+00
    2 1.9109e-01 -1.6550e+00 1.9584e-01 -1.6305e+00
    3 2.1254e-01 -1.5486e+00 2.1953e-01 -1.5163e+00
    4 1.8037e-01 -1.7127e+00 1.8457e-01 -1.6897e+00
    5 1.2465e-01 -2.0823e+00 1.2414e-01 -2.0863e+00
    6 7.3110e-02 -2.6158e+00 6.9582e-02 -2.6652e+00
    7 3.7456e-02 -3.2846e+00 3.3429e-02 -3.3983e+00
    8 1.7119e-02 -4.0675e+00 1.4053e-02 -4.2649e+00
    9 7.0943e-03 -4.9485e+00 5.2511e-03 -5.2493e+00
   10 2.6998e-03 -5.9146e+00 1.7659e-03 -6.3391e+00
   11 9.5337e-04 -6.9555e+00 5.3989e-04 -7.5241e+00
   12 3.1507e-04 -8.0627e+00 1.5131e-04 -8.7962e+00
   13 9.8146e-05 -9.2290e+00 3.9142e-05 -1.0148e+01
   14 2.8992e-05 -1.0448e+01 9.4024e-06 -1.1575e+01
   15 8.1632e-06 -1.1716e+01 2.1080e-06 -1.3070e+01
   16 2.2006e-06 -1.3027e+01 4.4308e-07 -1.4630e+01
   17 5.7009e-07 -1.4377e+01 8.7651e-08 -1.6250e+01
   18 1.4240e-07 -1.5765e+01 1.6376e-08 -1.7927e+01
   19 3.4393e-08 -1.7185e+01 2.8986e-09 -1.9659e+01
   20 8.0520e-09 -1.8637e+01 4.8740e-10 -2.1442e+01
   21 1.8311e-09 -2.0118e+01 7.8053e-11 -2.3274e+01
   22 4.0524e-10 -2.1627e+01 1.1932e-11 -2.5152e+01
   23 8.7410e-11 -2.3160e+01 1.7446e-12 -2.7074e+01
   24 1.8394e-11 -2.4719e+01 2.4446e-13 -2.9040e+01
   25 3.7749e-12 -2.6303e+01 0.0000e+00 -3.1046e+01
   26 7.5479e-13 -2.7912e+01 0.0000e+00 -3.3091e+01
   27 1.4642e-13 -2.9552e+01 0.0000e+00 -3.5174e+01
   28 2.7127e-14 -3.1238e+01 0.0000e+00 -3.7293e+01
   29 4.5978e-15 -3.3013e+01 0.0000e+00 -3.9448e+01
   30 6.7558e-16 -3.4931e+01 0.0000e+00 -4.1636e+01
   31 1.1518e-16 -3.6700e+01 0.0000e+00 -4.3857e+01
   32 1.4009e-17 -3.8807e+01 0.0000e+00 -4.6110e+01
   33 8.4530e-19 -4.1615e+01 0.0000e+00 -4.8394e+01
   34 1.6994e-19 -4.3219e+01 0.0000e+00 -5.0707e+01
   35 0.0000e+00 -Inf       0.0000e+00 -5.3050e+01
   36 0.0000e+00 -Inf       0.0000e+00 -5.5421e+01
   37 0.0000e+00 -Inf       0.0000e+00 -5.7819e+01
   38 0.0000e+00 -Inf       0.0000e+00 -6.0244e+01
   39 0.0000e+00 -Inf       0.0000e+00 -6.2694e+01
   40 0.0000e+00 -Inf       0.0000e+00 -6.5170e+01
   41 0.0000e+00 -Inf       0.0000e+00 -6.7671e+01
   42 0.0000e+00 -Inf       0.0000e+00 -7.0196e+01
   43 0.0000e+00 -Inf       0.0000e+00 -7.2744e+01
   44 0.0000e+00 -Inf       0.0000e+00 -7.5316e+01
   45 0.0000e+00 -Inf       0.0000e+00 -7.7909e+01
   46 0.0000e+00 -Inf       0.0000e+00 -8.0525e+01
   47 0.0000e+00 -Inf       0.0000e+00 -8.3163e+01
   48 0.0000e+00 -Inf       0.0000e+00 -8.5821e+01
   49 0.0000e+00 -Inf       0.0000e+00 -8.8500e+01
   50 0.0000e+00 -Inf       0.0000e+00 -9.1199e+01
   51 0.0000e+00 -Inf       0.0000e+00 -9.3918e+01
   52 0.0000e+00 -Inf       0.0000e+00 -9.6656e+01
   53 0.0000e+00 -Inf       0.0000e+00 -9.9414e+01
   54 0.0000e+00 -Inf       0.0000e+00 -1.0219e+02
   55 0.0000e+00 -Inf       0.0000e+00 -1.0498e+02
   56 0.0000e+00 -Inf       0.0000e+00 -1.0780e+02
   57 0.0000e+00 -Inf       0.0000e+00 -1.1063e+02
   58 0.0000e+00 -Inf       0.0000e+00 -1.1347e+02
   59 0.0000e+00 -Inf       0.0000e+00 -1.1634e+02
   60 0.0000e+00 -Inf       0.0000e+00 -1.1922e+02
   61 0.0000e+00 -Inf       0.0000e+00 -1.2212e+02
   62 0.0000e+00 -Inf       0.0000e+00 -1.2503e+02
   63 0.0000e+00 -Inf       0.0000e+00 -1.2796e+02
   64 0.0000e+00 -Inf       0.0000e+00 -1.3091e+02
   65 0.0000e+00 -Inf       0.0000e+00 -1.3387e+02
   66 0.0000e+00 -Inf       0.0000e+00 -1.3685e+02
   67 0.0000e+00 -Inf       0.0000e+00 -1.3984e+02
   68 0.0000e+00 -Inf       0.0000e+00 -1.4285e+02
   69 0.0000e+00 -Inf       0.0000e+00 -1.4587e+02
   70 0.0000e+00 -Inf       0.0000e+00 -1.4890e+02
   71 0.0000e+00 -Inf       0.0000e+00 -1.5195e+02
   72 0.0000e+00 -Inf       0.0000e+00 -1.5502e+02
   73 0.0000e+00 -Inf       0.0000e+00 -1.5809e+02
   74 0.0000e+00 -Inf       0.0000e+00 -1.6119e+02
   75 0.0000e+00 -Inf       0.0000e+00 -1.6429e+02
   76 0.0000e+00 -Inf       0.0000e+00 -1.6741e+02
   77 0.0000e+00 -Inf       0.0000e+00 -1.7054e+02
   78 0.0000e+00 -Inf       0.0000e+00 -1.7368e+02
   79 0.0000e+00 -Inf       0.0000e+00 -1.7684e+02
   80 0.0000e+00 -Inf       0.0000e+00 -1.8001e+02
   81 0.0000e+00 -Inf       0.0000e+00 -1.8319e+02
   82 0.0000e+00 -Inf       0.0000e+00 -1.8638e+02
   83 0.0000e+00 -Inf       0.0000e+00 -1.8959e+02
   84 0.0000e+00 -Inf       0.0000e+00 -1.9281e+02
   85 0.0000e+00 -Inf       0.0000e+00 -1.9604e+02
   86 0.0000e+00 -Inf       0.0000e+00 -1.9928e+02
   87 0.0000e+00 -Inf       0.0000e+00 -2.0253e+02
   88 0.0000e+00 -Inf       0.0000e+00 -2.0580e+02
   89 0.0000e+00 -Inf       0.0000e+00 -2.0907e+02
   90 0.0000e+00 -Inf       0.0000e+00 -2.1236e+02
   91 0.0000e+00 -Inf       0.0000e+00 -2.1566e+02
   92 0.0000e+00 -Inf       0.0000e+00 -2.1897e+02
   93 0.0000e+00 -Inf       0.0000e+00 -2.2229e+02
   94 0.0000e+00 -Inf       0.0000e+00 -2.2562e+02
   95 0.0000e+00 -Inf       0.0000e+00 -2.2896e+02
   96 0.0000e+00 -Inf       0.0000e+00 -2.3231e+02
   97 0.0000e+00 -Inf       0.0000e+00 -2.3567e+02
   98 0.0000e+00 -Inf       0.0000e+00 -2.3904e+02
   99 0.0000e+00 -Inf       0.0000e+00 -2.4243e+02

Total probability: 1.00000
