Loading index... 

*** FS_INDEX Statistics ***
Database: sprot.fas
Database size: 39750692
Number of sequences: 108160

Partitions: STAN#ILVM#KRDEQ#WFYH#GCP

 *** PARTITION TABLE ***
 A  C  D  E  F  G  H  I  K  L  M  N  P  Q  R  S  T  V  W  Y 
 0  4  2  2  3  4  3  1  2  1  1  0  4  2  2  0  0  1  3  3 

Fragment Length: 10
Total Fragments in database: 38777596
Total number of fragments in index: 38751330
Total number of index entries: 9765625
Average size of index entry: 3.97
Maximum size of index entry: 10179
Largest index entry: 2222222222

* Distribution of numbers of fragments per index entry *
 Index entry size  Frequency
                0    3023285
                1    1816251
                2    1167801
                3     804692
                4     578114
                5     427532
                6     326334
                7     253611
                8     200683
                9     160642
               10     130733
               11     108185
               12      90413
               13      76362
               14      65083
               15      55739
               16      48416
               17      42123
               18      36702
               19      32098
               20      28274
               21      24823
               22      22072
               23      19483
               24      17445
               25      15584
               26      13938
               27      12638
               28      11419
               29      10384
               30       9267
               31       8531
               32       7664
               33       7059
               34       6585
               35       6108
               36       5614
               37       5158
               38       4695
               39       4408
               40       4055
               41       3955
               42       3465
               43       3320
               44       3138
               45       2933
               46       2686
               47       2479
               48       2332
               49       2206
               50       2090
               51       1992
               52       1941
               53       1804
               54       1706
               55       1621
               56       1471
               57       1375
               58       1316
               59       1367
               60       1224
               61       1174
               62       1102
               63       1038
               64       1035
               65        947
               66        943
               67        839
               68        811
               69        766
               70        749
               71        710
               72        649
               73        689
               74        579
               75        630
               76        551
               77        535
               78        515
               79        511
               80        512
               81        480
               82        402
               83        409
               84        386
               85        401
               86        427
               87        371
               88        366
               89        300
               90        308
               91        327
               92        290
               93        293
               94        266
               95        283
               96        253
               97        269
               98        249
               99        247
              100        254
              101        238
              102        220
              103        229
              104        200
              105        228
              106        205
              107        190
              108        189
              109        158
              110        196
              111        183
              112        184
              113        137
              114        139
              115        165
              116        153
              117        161
              118        119
              119        126
              120        144
              121        133
              122        116
              123        126
              124        117
              125         99
              126        104
              127        111
              128        109
              129        111
              130        103
              131         93
              132         87
              133        107
              134         78
              135         73
              136         60
              137         62
              138         78
              139         58
              140         63
              141         68
              142         71
              143         50
              144         83
              145         63
              146         69
              147         54
              148         55
              149         43
              150         53
              151         51
              152         51
              153         46
              154         53
              155         53
              156         42
              157         38
              158         34
              159         33
              160         28
              161         45
              162         37
              163         33
              164         36
              165         46
              166         30
              167         46
              168         33
              169         33
              170         28
              171         37
              172         26
              173         22
              174         29
              175         33
              176         25
              177         22
              178         22
              179         19
              180         32
              181         29
              182         20
              183         20
              184         25
              185         30
              186         21
              187         22
              188         29
              189         16
              190         27
              191         26
              192         19
              193         28
              194         14
              195         20
              196         19
              197         23
              198         15
              199         23
              200         29
              201         20
              202         23
              203         24
              204         24
              205         20
              206         20
              207         20
              208         22
              209         20
              210         16
              211         14
              212         19
              213         21
              214         26
              215         24
              216         19
              217         14
              218         22
              219         14
              220         15
              221         18
              222         14
              223         14
              224         13
              225          2
              226         13
              227         12
              228         14
              229         12
              230          7
              231          5
              232          2
              233         13
              234         14
              235          7
              236         11
              237         10
              238         13
              239          9
              240          5
              241         11
              242          9
              243          9
              244          2
              245          5
              246          7
              247          8
              248          5
              249          6
              250          9
              251         10
              252         10
              253         13
              254          8
              255          4
              256          4
              257          1
              258         10
              259          5
              260         10
              261          6
              262          6
              263          8
              264          9
              265          5
              266          3
              267         12
              268          6
              269          6
              270          8
              271          9
              272          3
              273          5
              274          9
              275          4
              276          8
              277          1
              278          5
              279          2
              280         11
              281          4
              282          5
              283          3
              284          4
              285         11
              286          3
              287          4
              288          6
              289          6
              290          3
              291          5
              292          6
              293          5
              294          2
              295          6
              296          4
              297          5
              298          4
              299          5
              300          6
              301          2
              302          3
              303          4
              304          6
              305          3
              306          4
              307          3
              308          5
              309          3
              310          3
              311          6
              312          1
              313          4
              314          5
              315          6
              317          2
              318          6
              319          2
              320          4
              321          7
              322          6
              323          5
              324          1
              326          4
              327          4
              328          4
              329          3
              330          2
              331          4
              332          5
              333          4
              334          5
              335          6
              336          8
              337          3
              338          5
              339          5
              340          2
              341         10
              342          3
              343          3
              344          9
              345          7
              346          1
              347          3
              348          3
              349          2
              350          6
              351          1
              352         11
              353          7
              354          4
              355         10
              356          6
              357          5
              358          5
              359          5
              360          7
              361          4
              362          7
              363          4
              364          1
              365          7
              366         12
              367          6
              368          6
              369         10
              370          6
              371          7
              372         10
              373          7
              374         11
              375          6
              376         12
              377          8
              378         11
              379          5
              380          4
              381          5
              382          8
              383          1
              384          9
              385          4
              386          7
              387         12
              388          7
              389          8
              390          7
              391          7
              392          2
              393          6
              394          7
              395          9
              396          7
              397          9
              398          9
              399          6
              400          9
              401          9
              402          5
              403          4
              404          4
              405          7
              406          9
              407          6
              408          2
              409          5
              410          3
              411          3
              412          1
              414          3
              415          4
              416          2
              417          2
              418          3
              419          5
              420          3
              421          1
              423          5
              424          1
              425          3
              426          1
              427          1
              428          2
              429          2
              430          1
              431          4
              432          2
              433          2
              435          2
              436          3
              438          4
              439          4
              440          1
              443          3
              444          2
              445          1
              448          1
              450          2
              454          1
              455          1
              460          1
              461          1
              462          2
              463          1
              465          1
              466          2
              467          1
              468          1
              469          2
              470          1
              474          1
              476          2
              479          2
              483          1
              484          1
              488          1
              491          1
              493          1
              494          1
              497          1
              499          2
              502          1
              504          1
              505          1
              506          1
              509          1
              510          1
              513          1
              518          1
              520          1
              521          1
              527          1
              543          1
              545          1
              549          2
              556          1
              557          1
              561          1
              571          1
              577          1
              579          1
              584          1
              586          1
              588          2
              591          1
              597          1
              600          1
              601          1
              609          1
              622          1
              626          1
              630          1
              644          1
              667          1
              671          1
              675          1
              681          1
              682          1
              688          1
              692          1
              694          1
              696          1
              710          1
              720          1
              729          1
              739          2
              743          1
              761          1
              795          2
              807          1
              827          1
              839          1
              849          1
              855          1
              857          1
              875          1
              877          1
              880          1
              898          1
              931          1
              945          1
              950          1
              960          1
              974          1
              996          1
             1021          1
             1038          1
             1088          1
             1089          1
             1293          1
             1390          1
             1818          1
             2027          1
             2065          1
             7216          1
            10179          1

