Loading index... 

*** FS_INDEX Statistics ***
Database: sprot_F.fas
Database size: 39750692
Number of sequences: 108160

Partitions: STAN#ILVM#KRDEQ#WFYHGCP

 *** PARTITION TABLE ***
 A  C  D  E  F  G  H  I  K  L  M  N  P  Q  R  S  T  V  W  Y 
 0  3  2  2  3  3  3  1  2  1  1  0  3  2  2  0  0  1  3  3 

Fragment Length: 10
Total Fragments in database: 38777596
Total number of fragments in index: 34833919
Total number of index entries: 1048576
Average size of index entry: 33.22
Maximum size of index entry: 795
Largest index entry: 1303223323

* Distribution of numbers of fragments per index entry *
 Index entry size  Frequency
                0         11
                1         48
                2        120
                3        246
                4        414
                5        699
                6       1112
                7       1789
                8       2541
                9       3549
               10       4912
               11       6689
               12       8804
               13      11070
               14      14068
               15      16742
               16      19902
               17      23078
               18      25953
               19      28645
               20      31013
               21      33603
               22      35031
               23      36399
               24      36956
               25      37592
               26      37698
               27      36762
               28      36311
               29      35360
               30      34148
               31      32733
               32      31112
               33      29403
               34      28297
               35      26087
               36      24410
               37      22778
               38      20781
               39      19857
               40      18062
               41      16595
               42      15838
               43      14396
               44      13313
               45      12267
               46      11163
               47      10205
               48       9640
               49       8946
               50       7978
               51       7536
               52       6815
               53       6407
               54       5804
               55       5369
               56       4868
               57       4422
               58       4276
               59       3960
               60       3661
               61       3480
               62       3069
               63       2977
               64       2746
               65       2505
               66       2392
               67       2152
               68       2073
               69       1962
               70       1799
               71       1716
               72       1527
               73       1520
               74       1368
               75       1287
               76       1276
               77       1163
               78       1070
               79       1033
               80        918
               81        883
               82        864
               83        856
               84        841
               85        688
               86        674
               87        612
               88        649
               89        583
               90        543
               91        519
               92        502
               93        482
               94        428
               95        441
               96        395
               97        430
               98        373
               99        374
              100        341
              101        321
              102        291
              103        314
              104        267
              105        258
              106        304
              107        243
              108        247
              109        260
              110        238
              111        249
              112        234
              113        208
              114        197
              115        213
              116        186
              117        159
              118        183
              119        162
              120        177
              121        179
              122        171
              123        142
              124        150
              125        133
              126        139
              127        131
              128        132
              129        107
              130        129
              131        117
              132        127
              133        104
              134         91
              135         94
              136        126
              137         85
              138         90
              139         91
              140         81
              141         82
              142         81
              143         76
              144         82
              145         73
              146         68
              147         78
              148         56
              149         71
              150         67
              151         65
              152         55
              153         48
              154         40
              155         48
              156         43
              157         48
              158         47
              159         52
              160         53
              161         30
              162         57
              163         35
              164         44
              165         35
              166         34
              167         37
              168         31
              169         35
              170         38
              171         47
              172         35
              173         32
              174         46
              175         30
              176         22
              177         24
              178         21
              179         29
              180         24
              181         22
              182         17
              183         32
              184         25
              185         16
              186         28
              187         21
              188         15
              189         19
              190         14
              191         21
              192         25
              193         17
              194         15
              195         21
              196         21
              197         14
              198         12
              199          9
              200         14
              201         25
              202         10
              203         12
              204         11
              205         15
              206         17
              207         10
              208         10
              209         20
              210         16
              211         11
              212         16
              213         12
              214         12
              215         16
              216         14
              217          9
              218         14
              219         13
              220         11
              221          9
              222          7
              223         16
              224          8
              225         12
              226         11
              227         14
              228          9
              229          4
              230         10
              231         14
              232          9
              233         13
              234         16
              235         12
              236          7
              237          9
              238         11
              239         10
              240          8
              241         11
              242          8
              243         13
              244         11
              245          7
              246         14
              247          8
              248          6
              249         11
              250          9
              251          6
              252          6
              253          4
              254          4
              255          9
              256          9
              257          6
              258          5
              259          6
              260          7
              261          5
              262          4
              263          2
              264          3
              265          7
              266          5
              267          2
              268          6
              269          4
              270          6
              271          2
              272          6
              273          3
              274          9
              275          4
              276          4
              277          4
              278          7
              279          4
              280          4
              281          4
              282          3
              283          2
              284          4
              285          7
              286          4
              287          4
              288          4
              289          2
              290          3
              291          3
              292          2
              293          3
              295          3
              296          4
              297          4
              298          2
              299          5
              300          3
              301          2
              302          4
              303          3
              304          2
              305          7
              306          6
              307          2
              308          5
              309          2
              310          1
              311          6
              312          1
              313          2
              314          2
              315          2
              316          1
              317          4
              319          5
              320          5
              321          4
              322          1
              323          2
              325          2
              326          2
              327          3
              328          3
              329          1
              330          3
              331          2
              332          4
              333          2
              334          1
              335          2
              336          5
              337          1
              338          1
              339          5
              340          2
              341          2
              342          1
              343          1
              344          2
              345          1
              346          1
              347          2
              348          1
              349          3
              350          2
              351          3
              352          2
              353          3
              354          3
              355          3
              356          3
              358          1
              359          1
              360          4
              361          3
              362          2
              363          3
              364          4
              365          1
              366          2
              367          5
              368          2
              369          9
              370          1
              371          4
              372          2
              373          7
              374          2
              375          3
              376          2
              377          6
              378          6
              379          4
              380          2
              381          3
              382          5
              384          7
              385          6
              386          3
              387          6
              388          8
              389          5
              390          5
              391          8
              392          5
              393          5
              394          9
              395          7
              396          3
              397          5
              398          2
              399          4
              400         11
              401          5
              402          6
              403          4
              404          1
              405          4
              406          5
              407          4
              408          7
              409          4
              410          5
              411          5
              412          7
              413         13
              414         10
              415          4
              416          3
              417          2
              418          4
              419          8
              420          4
              421          7
              422          3
              423          9
              424          6
              425          5
              426          5
              427          2
              428          3
              429          6
              430          4
              431          2
              432          3
              433          7
              434          5
              435          6
              436          2
              437          3
              438          4
              439          2
              440          3
              441          4
              442          3
              443          2
              444          4
              445          3
              447          4
              448          2
              450          1
              451          1
              452          1
              454          3
              455          3
              456          1
              457          1
              458          1
              460          5
              461          1
              462          3
              464          2
              466          1
              468          1
              469          2
              470          2
              471          1
              472          2
              475          1
              478          1
              481          1
              483          1
              484          2
              487          1
              488          2
              489          1
              500          1
              510          1
              518          1
              524          1
              541          2
              542          2
              565          1
              611          1
              643          1
              655          1
              656          1
              795          1

