Number of runs: 10
RANDOM POINT: SGAFGFFTMY
LEFT_QUASI_METRIC_DISTANCES
Points: 5000 0
Values: 44
       Value    Frequency
          39            1
          40            0
          41            5
          42            5
          43            0
          44            5
          45            6
          46            3
          47           17
          48           15
          49           13
          50           25
          51           24
          52           46
          53           35
          54           72
          55           69
          56           88
          57          123
          58          121
          59          129
          60          187
          61          197
          62          215
          63          254
          64          242
          65          281
          66          314
          67          355
          68          307
          69          362
          70          330
          71          274
          72          233
          73          205
          74          161
          75          124
          76           69
          77           43
          78           27
          79            7
          80            7
          81            3
          82            1

RIGHT_QUASI_METRIC_DISTANCES
Points: 5000 0
Values: 60
       Value    Frequency
          32            1
          33            0
          34            0
          35            2
          36            1
          37            2
          38            1
          39            2
          40            9
          41            5
          42            7
          43           11
          44           17
          45           28
          46           27
          47           34
          48           40
          49           33
          50           58
          51           63
          52          115
          53          111
          54          127
          55          171
          56          155
          57          181
          58          212
          59          228
          60          229
          61          211
          62          306
          63          246
          64          251
          65          234
          66          256
          67          232
          68          207
          69          170
          70          183
          71          142
          72          129
          73          113
          74           93
          75           77
          76           74
          77           41
          78           42
          79           33
          80           24
          81           13
          82           15
          83           11
          84           11
          85            6
          86            2
          87            3
          88            3
          89            0
          90            0
          91            2

METRIC_DISTANCES
Points: 5000 0
Values: 58
       Value    Frequency
          40            1
          41            0
          42            2
          43            1
          44            2
          45            1
          46            4
          47            4
          48            8
          49            6
          50           10
          51           11
          52           18
          53           21
          54           24
          55           28
          56           33
          57           44
          58           68
          59           74
          60           79
          61          103
          62          128
          63          136
          64          169
          65          189
          66          195
          67          208
          68          239
          69          245
          70          282
          71          284
          72          290
          73          296
          74          245
          75          235
          76          238
          77          210
          78          163
          79          183
          80          120
          81          119
          82           75
          83           59
          84           36
          85           34
          86           28
          87           17
          88           10
          89            7
          90            7
          91            6
          92            2
          93            0
          94            1
          95            1
          96            0
          97            1

RANDOM POINT: GQGRISDNFN
LEFT_QUASI_METRIC_DISTANCES
Points: 5000 0
Values: 47
       Value    Frequency
          36            2
          37            0
          38            2
          39            0
          40            1
          41            4
          42            0
          43            3
          44            7
          45           11
          46           15
          47           23
          48           19
          49           32
          50           31
          51           38
          52           45
          53           78
          54           91
          55           98
          56          138
          57          137
          58          146
          59          155
          60          217
          61          221
          62          260
          63          280
          64          314
          65          285
          66          283
          67          295
          68          276
          69          300
          70          232
          71          220
          72          208
          73          152
          74          124
          75           87
          76           65
          77           51
          78           25
          79           11
          80            9
          81            8
          82            1

RIGHT_QUASI_METRIC_DISTANCES
Points: 5000 0
Values: 61
       Value    Frequency
          34            1
          35            1
          36            2
          37            2
          38            1
          39            3
          40            4
          41           11
          42           13
          43           10
          44           18
          45           28
          46           32
          47           31
          48           48
          49           59
          50           74
          51           83
          52          115
          53          128
          54          135
          55          164
          56          168
          57          195
          58          195
          59          231
          60          216
          61          257
          62          237
          63          240
          64          248
          65          226
          66          207
          67          208
          68          182
          69          186
          70          175
          71          175
          72          104
          73          104
          74           93
          75           70
          76           73
          77           65
          78           35
          79           33
          80           33
          81           22
          82           13
          83           14
          84           10
          85            2
          86            4
          87            4
          88            3
          89            3
          90            3
          91            0
          92            1
          93            0
          94            2

METRIC_DISTANCES
Points: 5000 0
Values: 62
       Value    Frequency
          38            1
          39            0
          40            0
          41            2
          42            1
          43            1
          44            3
          45            4
          46            6
          47            6
          48            7
          49           19
          50           18
          51           15
          52           27
          53           27
          54           36
          55           55
          56           55
          57           69
          58           80
          59          120
          60          120
          61          126
          62          145
          63          175
          64          175
          65          222
          66          221
          67          224
          68          234
          69          243
          70          224
          71          227
          72          243
          73          234
          74          225
          75          230
          76          192
          77          166
          78          155
          79          131
          80          111
          81          105
          82           74
          83           56
          84           45
          85           39
          86           34
          87           26
          88            8
          89           11
          90            6
          91            3
          92            3
          93            5
          94            4
          95            2
          96            1
          97            0
          98            1
          99            2

RANDOM POINT: VFSFAVEGDG
LEFT_QUASI_METRIC_DISTANCES
Points: 5000 0
Values: 50
       Value    Frequency
          31            1
          32            0
          33            2
          34            0
          35            2
          36            2
          37            3
          38            2
          39            4
          40            4
          41            5
          42            7
          43           14
          44           17
          45           21
          46           32
          47           26
          48           38
          49           52
          50           74
          51           76
          52           84
          53          134
          54          167
          55          162
          56          182
          57          221
          58          238
          59          250
          60          254
          61          313
          62          277
          63          300
          64          305
          65          308
          66          305
          67          239
          68          219
          69          171
          70          148
          71          120
          72           76
          73           57
          74           49
          75           17
          76           11
          77            7
          78            3
          79            0
          80            1

RIGHT_QUASI_METRIC_DISTANCES
Points: 5000 0
Values: 63
       Value    Frequency
          31            2
          32            2
          33            0
          34            2
          35            1
          36            0
          37            2
          38            4
          39            2
          40            2
          41           10
          42           11
          43           29
          44           18
          45           29
          46           41
          47           42
          48           60
          49           53
          50           76
          51           85
          52           95
          53          135
          54          164
          55          156
          56          176
          57          186
          58          200
          59          210
          60          232
          61          224
          62          249
          63          223
          64          223
          65          231
          66          236
          67          200
          68          212
          69          181
          70          153
          71          136
          72          126
          73          118
          74           93
          75           64
          76           67
          77           64
          78           54
          79           28
          80           26
          81           14
          82           14
          83           10
          84            8
          85            1
          86            9
          87            1
          88            1
          89            0
          90            3
          91            2
          92            1
          93            3

METRIC_DISTANCES
Points: 5000 0
Values: 64
       Value    Frequency
          34            1
          35            1
          36            1
          37            2
          38            0
          39            2
          40            2
          41            1
          42            2
          43            5
          44            3
          45            2
          46           10
          47           13
          48           14
          49           22
          50           24
          51           26
          52           33
          53           55
          54           56
          55           69
          56           66
          57          106
          58          103
          59          129
          60          149
          61          181
          62          167
          63          180
          64          185
          65          229
          66          245
          67          243
          68          246
          69          255
          70          229
          71          245
          72          215
          73          213
          74          189
          75          192
          76          161
          77          130
          78          127
          79          107
          80           61
          81           88
          82           71
          83           40
          84           27
          85           23
          86            8
          87           15
          88            7
          89            5
          90            7
          91            1
          92            3
          93            1
          94            4
          95            0
          96            0
          97            3

RANDOM POINT: KEYKTLQSKE
LEFT_QUASI_METRIC_DISTANCES
Points: 5000 0
Values: 42
       Value    Frequency
          33            2
          34            1
          35            3
          36            6
          37            7
          38            5
          39           13
          40           14
          41            9
          42           23
          43           29
          44           35
          45           56
          46           75
          47           94
          48          103
          49          102
          50          162
          51          167
          52          195
          53          218
          54          270
          55          287
          56          273
          57          288
          58          338
          59          342
          60          317
          61          287
          62          302
          63          224
          64          192
          65          164
          66          136
          67           93
          68           74
          69           56
          70           13
          71           13
          72            8
          73            2
          74            2

RIGHT_QUASI_METRIC_DISTANCES
Points: 5000 0
Values: 57
       Value    Frequency
          31            1
          32            0
          33            0
          34            4
          35            3
          36            3
          37            9
          38            6
          39            9
          40           14
          41           18
          42           20
          43           39
          44           50
          45           47
          46           58
          47           70
          48           87
          49          109
          50          120
          51          135
          52          188
          53          211
          54          207
          55          197
          56          228
          57          223
          58          264
          59          249
          60          233
          61          233
          62          255
          63          213
          64          189
          65          207
          66          182
          67          156
          68          109
          69          126
          70           97
          71           88
          72           67
          73           63
          74           42
          75           29
          76           42
          77           29
          78           17
          79           12
          80           15
          81            9
          82            6
          83            4
          84            5
          85            1
          86            1
          87            1

METRIC_DISTANCES
Points: 5000 0
Values: 57
       Value    Frequency
          35            1
          36            1
          37            0
          38            3
          39            2
          40            6
          41            9
          42            7
          43           10
          44           11
          45           16
          46           20
          47           23
          48           51
          49           47
          50           58
          51           51
          52           79
          53           79
          54          131
          55          145
          56          169
          57          164
          58          194
          59          192
          60          232
          61          208
          62          242
          63          239
          64          251
          65          273
          66          227
          67          245
          68          237
          69          201
          70          174
          71          181
          72          124
          73          137
          74          115
          75           89
          76           82
          77           72
          78           42
          79           41
          80           30
          81           21
          82           16
          83           16
          84           11
          85            8
          86           10
          87            5
          88            1
          89            0
          90            0
          91            1

RANDOM POINT: PDNGEFSEDY
LEFT_QUASI_METRIC_DISTANCES
Points: 5000 0
Values: 51
       Value    Frequency
          38            1
          39            0
          40            2
          41            1
          42            2
          43            2
          44            2
          45            2
          46            2
          47            5
          48            4
          49           13
          50           18
          51           18
          52           30
          53           32
          54           37
          55           54
          56           53
          57           53
          58          102
          59          105
          60          109
          61          148
          62          124
          63          183
          64          182
          65          244
          66          232
          67          274
          68          229
          69          313
          70          308
          71          306
          72          291
          73          303
          74          257
          75          232
          76          197
          77          149
          78          124
          79           92
          80           62
          81           45
          82           29
          83           13
          84            8
          85            4
          86            2
          87            0
          88            2

RIGHT_QUASI_METRIC_DISTANCES
Points: 5000 0
Values: 66
       Value    Frequency
          33            1
          34            0
          35            0
          36            4
          37            2
          38            0
          39            3
          40            5
          41            6
          42            8
          43           17
          44           18
          45           19
          46           22
          47           31
          48           53
          49           59
          50           72
          51           78
          52           99
          53          124
          54          123
          55          119
          56          141
          57          191
          58          214
          59          234
          60          251
          61          270
          62          263
          63          241
          64          242
          65          264
          66          243
          67          254
          68          196
          69          159
          70          156
          71          145
          72          131
          73           94
          74           93
          75           74
          76           58
          77           58
          78           31
          79           27
          80           23
          81           27
          82           16
          83           13
          84            2
          85            5
          86            3
          87            4
          88            4
          89            2
          90            3
          91            1
          92            2
          93            0
          94            1
          95            0
          96            0
          97            0
          98            1

METRIC_DISTANCES
Points: 5000 0
Values: 63
       Value    Frequency
          41            3
          42            0
          43            0
          44            0
          45            2
          46            5
          47            0
          48            6
          49            4
          50            6
          51            9
          52           16
          53           14
          54           25
          55           26
          56           26
          57           45
          58           48
          59           49
          60           73
          61           88
          62           98
          63          115
          64          114
          65          137
          66          175
          67          170
          68          178
          69          211
          70          258
          71          260
          72          244
          73          284
          74          301
          75          243
          76          248
          77          245
          78          203
          79          193
          80          182
          81          157
          82          115
          83          110
          84           64
          85           59
          86           52
          87           39
          88           25
          89           14
          90           20
          91           12
          92            7
          93            7
          94            2
          95            6
          96            1
          97            1
          98            3
          99            0
         100            1
         101            0
         102            0
         103            1

RANDOM POINT: DVIETTPARR
LEFT_QUASI_METRIC_DISTANCES
Points: 5000 0
Values: 48
       Value    Frequency
          28            1
          29            0
          30            0
          31            1
          32            1
          33            2
          34            1
          35            3
          36            3
          37            4
          38            2
          39            3
          40            9
          41           14
          42           21
          43           24
          44           24
          45           34
          46           51
          47           66
          48           72
          49           85
          50           92
          51          118
          52          145
          53          163
          54          218
          55          216
          56          252
          57          279
          58          306
          59          322
          60          331
          61          295
          62          299
          63          307
          64          265
          65          247
          66          218
          67          167
          68          138
          69           84
          70           53
          71           31
          72           21
          73            9
          74            1
          75            2

RIGHT_QUASI_METRIC_DISTANCES
Points: 5000 0
Values: 73
       Value    Frequency
          27            1
          28            0
          29            0
          30            1
          31            0
          32            0
          33            2
          34            1
          35            1
          36            2
          37            6
          38            7
          39            9
          40           10
          41           20
          42           23
          43           24
          44           28
          45           43
          46           53
          47           83
          48           64
          49           75
          50          105
          51           90
          52          142
          53          137
          54          155
          55          184
          56          189
          57          198
          58          210
          59          242
          60          233
          61          255
          62          223
          63          229
          64          236
          65          207
          66          192
          67          181
          68          178
          69          157
          70          169
          71          107
          72          120
          73           81
          74           60
          75           51
          76           44
          77           48
          78           36
          79           28
          80           14
          81           12
          82            8
          83            5
          84            6
          85            5
          86            2
          87            5
          88            0
          89            1
          90            1
          91            0
          92            0
          93            0
          94            0
          95            0
          96            0
          97            0
          98            0
          99            1

METRIC_DISTANCES
Points: 5000 0
Values: 72
       Value    Frequency
          29            1
          30            0
          31            0
          32            0
          33            1
          34            0
          35            2
          36            1
          37            0
          38            3
          39            2
          40            0
          41            5
          42            6
          43            6
          44           13
          45           15
          46           19
          47           20
          48           23
          49           33
          50           42
          51           70
          52           47
          53           78
          54           75
          55          104
          56          114
          57          119
          58          152
          59          141
          60          182
          61          200
          62          200
          63          208
          64          243
          65          234
          66          226
          67          237
          68          253
          69          246
          70          227
          71          195
          72          172
          73          198
          74          166
          75          138
          76          129
          77           93
          78           87
          79           62
          80           53
          81           42
          82           33
          83           21
          84           19
          85           12
          86            9
          87            6
          88           10
          89            1
          90            2
          91            1
          92            1
          93            0
          94            1
          95            0
          96            0
          97            0
          98            0
          99            0
         100            1

RANDOM POINT: TDAGTIQHTS
LEFT_QUASI_METRIC_DISTANCES
Points: 5000 0
Values: 46
       Value    Frequency
          32            1
          33            1
          34            0
          35            0
          36            1
          37            3
          38            3
          39            1
          40            5
          41            6
          42            6
          43           17
          44           20
          45           15
          46           36
          47           49
          48           55
          49           67
          50           76
          51           97
          52          108
          53          153
          54          178
          55          192
          56          213
          57          264
          58          273
          59          343
          60          330
          61          296
          62          347
          63          319
          64          296
          65          298
          66          255
          67          213
          68          183
          69          116
          70           75
          71           53
          72           18
          73           11
          74            5
          75            1
          76            0
          77            1

RIGHT_QUASI_METRIC_DISTANCES
Points: 5000 0
Values: 62
       Value    Frequency
          29            1
          30            1
          31            0
          32            1
          33            1
          34            2
          35            3
          36            5
          37            2
          38            7
          39           10
          40            7
          41           10
          42           16
          43           30
          44           37
          45           36
          46           48
          47           68
          48           72
          49           85
          50          101
          51          125
          52          138
          53          168
          54          175
          55          167
          56          209
          57          228
          58          246
          59          290
          60          277
          61          227
          62          238
          63          274
          64          231
          65          243
          66          197
          67          160
          68          158
          69          119
          70          113
          71           88
          72           83
          73           71
          74           48
          75           51
          76           33
          77           33
          78           13
          79           13
          80            8
          81           13
          82            8
          83            6
          84            1
          85            2
          86            0
          87            1
          88            0
          89            1
          90            1

METRIC_DISTANCES
Points: 5000 0
Values: 62
       Value    Frequency
          33            1
          34            0
          35            0
          36            1
          37            1
          38            1
          39            2
          40            2
          41            0
          42            3
          43            5
          44            6
          45            7
          46            6
          47           13
          48           23
          49           22
          50           27
          51           37
          52           43
          53           63
          54           79
          55           71
          56           95
          57          108
          58          129
          59          128
          60          165
          61          194
          62          206
          63          228
          64          228
          65          249
          66          265
          67          266
          68          267
          69          243
          70          248
          71          229
          72          208
          73          222
          74          163
          75          155
          76          112
          77          121
          78           97
          79           54
          80           58
          81           39
          82           27
          83           27
          84           18
          85           13
          86            8
          87            5
          88            6
          89            2
          90            2
          91            0
          92            1
          93            0
          94            1

RANDOM POINT: ALFIIFFLRS
LEFT_QUASI_METRIC_DISTANCES
Points: 5000 0
Values: 52
       Value    Frequency
          27            1
          28            0
          29            0
          30            1
          31            0
          32            1
          33            0
          34            2
          35            6
          36            5
          37            2
          38            6
          39           14
          40           20
          41           14
          42           22
          43           39
          44           38
          45           51
          46           65
          47           70
          48           93
          49          100
          50          139
          51          149
          52          195
          53          217
          54          212
          55          257
          56          281
          57          280
          58          285
          59          304
          60          307
          61          301
          62          262
          63          257
          64          239
          65          203
          66          163
          67          138
          68           89
          69           84
          70           41
          71           22
          72           13
          73            5
          74            2
          75            3
          76            1
          77            0
          78            1

RIGHT_QUASI_METRIC_DISTANCES
Points: 5000 0
Values: 67
       Value    Frequency
          30            2
          31            0
          32            1
          33            0
          34            0
          35            3
          36            2
          37            3
          38            7
          39            5
          40           10
          41           13
          42           18
          43           22
          44           24
          45           32
          46           30
          47           43
          48           53
          49           55
          50           68
          51           83
          52          120
          53          124
          54          152
          55          154
          56          148
          57          177
          58          178
          59          217
          60          201
          61          249
          62          219
          63          190
          64          225
          65          206
          66          206
          67          224
          68          188
          69          190
          70          151
          71          139
          72          130
          73          137
          74          109
          75           85
          76           86
          77           65
          78           54
          79           40
          80           37
          81           22
          82           28
          83           26
          84           10
          85           11
          86            4
          87            5
          88            3
          89            6
          90            2
          91            2
          92            2
          93            1
          94            0
          95            1
          96            2

METRIC_DISTANCES
Points: 5000 0
Values: 68
       Value    Frequency
          32            1
          33            0
          34            1
          35            0
          36            1
          37            2
          38            3
          39            2
          40            2
          41            3
          42            6
          43            7
          44           13
          45           16
          46           17
          47           21
          48           21
          49           35
          50           34
          51           51
          52           65
          53           43
          54           84
          55           97
          56           97
          57          138
          58          147
          59          161
          60          157
          61          180
          62          208
          63          229
          64          187
          65          216
          66          213
          67          252
          68          247
          69          206
          70          206
          71          211
          72          191
          73          182
          74          167
          75          141
          76          118
          77          108
          78           98
          79           99
          80           66
          81           54
          82           47
          83           41
          84           20
          85           29
          86           17
          87           11
          88            4
          89            4
          90            8
          91            5
          92            1
          93            4
          94            1
          95            0
          96            1
          97            1
          98            1
          99            1

RANDOM POINT: IIRFFSALQG
LEFT_QUASI_METRIC_DISTANCES
Points: 5000 0
Values: 55
       Value    Frequency
          24            1
          25            0
          26            0
          27            0
          28            0
          29            0
          30            1
          31            1
          32            1
          33            2
          34            3
          35            2
          36            8
          37            6
          38            6
          39            9
          40           11
          41           13
          42           21
          43           32
          44           30
          45           39
          46           65
          47           72
          48           88
          49          108
          50          128
          51          127
          52          161
          53          187
          54          220
          55          231
          56          280
          57          266
          58          297
          59          319
          60          286
          61          286
          62          307
          63          271
          64          228
          65          215
          66          162
          67          151
          68          115
          69           84
          70           67
          71           34
          72           29
          73           12
          74            9
          75            8
          76            0
          77            0
          78            1

RIGHT_QUASI_METRIC_DISTANCES
Points: 5000 0
Values: 69
       Value    Frequency
          28            1
          29            1
          30            0
          31            0
          32            0
          33            0
          34            2
          35            1
          36            7
          37            6
          38            8
          39            5
          40           10
          41           15
          42           15
          43           24
          44           20
          45           27
          46           34
          47           39
          48           60
          49           69
          50           89
          51           87
          52          129
          53          135
          54          117
          55          155
          56          166
          57          182
          58          196
          59          217
          60          216
          61          217
          62          203
          63          238
          64          247
          65          216
          66          225
          67          217
          68          218
          69          182
          70          134
          71          143
          72          111
          73          109
          74          106
          75           75
          76           52
          77           58
          78           40
          79           39
          80           23
          81           35
          82           13
          83           22
          84           14
          85           10
          86            6
          87            3
          88            2
          89            1
          90            1
          91            0
          92            1
          93            3
          94            1
          95            0
          96            2

METRIC_DISTANCES
Points: 5000 0
Values: 71
       Value    Frequency
          28            1
          29            0
          30            0
          31            0
          32            1
          33            0
          34            0
          35            0
          36            0
          37            1
          38            4
          39            4
          40            6
          41            2
          42            7
          43           13
          44           11
          45           15
          46           10
          47           23
          48           23
          49           28
          50           34
          51           35
          52           70
          53           82
          54           79
          55           90
          56          108
          57          113
          58          145
          59          152
          60          176
          61          180
          62          193
          63          196
          64          205
          65          230
          66          217
          67          260
          68          266
          69          228
          70          239
          71          212
          72          176
          73          201
          74          152
          75          140
          76          123
          77           95
          78           84
          79           79
          80           60
          81           49
          82           44
          83           31
          84           33
          85           15
          86           16
          87           12
          88           11
          89            7
          90            1
          91            2
          92            4
          93            2
          94            0
          95            1
          96            2
          97            0
          98            1

RANDOM POINT: DTKKVYVAQN
LEFT_QUASI_METRIC_DISTANCES
Points: 5000 0
Values: 50
       Value    Frequency
          28            1
          29            0
          30            1
          31            1
          32            0
          33            0
          34            2
          35            0
          36            1
          37            2
          38            4
          39            7
          40           10
          41           12
          42           16
          43           17
          44           18
          45           42
          46           39
          47           64
          48           69
          49           71
          50          113
          51          127
          52          157
          53          169
          54          192
          55          245
          56          242
          57          289
          58          306
          59          319
          60          338
          61          311
          62          289
          63          280
          64          263
          65          234
          66          195
          67          164
          68          123
          69          112
          70           70
          71           44
          72           22
          73            8
          74            4
          75            4
          76            2
          77            1

RIGHT_QUASI_METRIC_DISTANCES
Points: 5000 0
Values: 69
       Value    Frequency
          30            1
          31            0
          32            1
          33            0
          34            3
          35            4
          36            6
          37            5
          38           10
          39            4
          40           17
          41           15
          42           20
          43           14
          44           42
          45           40
          46           55
          47           63
          48           78
          49           97
          50           99
          51          146
          52          162
          53          151
          54          172
          55          220
          56          217
          57          198
          58          247
          59          241
          60          256
          61          258
          62          216
          63          221
          64          212
          65          202
          66          197
          67          163
          68          161
          69          125
          70          114
          71           87
          72           90
          73           84
          74           65
          75           44
          76           49
          77           26
          78           21
          79           24
          80           14
          81           14
          82            9
          83            7
          84            3
          85            2
          86            2
          87            2
          88            2
          89            0
          90            0
          91            1
          92            0
          93            0
          94            0
          95            0
          96            0
          97            0
          98            1

METRIC_DISTANCES
Points: 5000 0
Values: 66
       Value    Frequency
          35            1
          36            1
          37            2
          38            2
          39            2
          40            3
          41            7
          42            8
          43           10
          44            7
          45            6
          46           12
          47           19
          48           26
          49           30
          50           43
          51           46
          52           53
          53           80
          54           83
          55          104
          56          128
          57          120
          58          142
          59          174
          60          186
          61          233
          62          204
          63          219
          64          249
          65          236
          66          259
          67          257
          68          239
          69          226
          70          222
          71          200
          72          184
          73          157
          74          133
          75          126
          76          104
          77           95
          78           72
          79           82
          80           42
          81           33
          82           40
          83           30
          84           18
          85           16
          86            7
          87            9
          88            2
          89            4
          90            1
          91            1
          92            2
          93            0
          94            2
          95            0
          96            0
          97            0
          98            0
          99            0
         100            1

