***** Epsilon neighbourhood of the sprot.fas database ******
No runs: 17000
  D_cutoff Neighbours Proportion
         0          0     0.0000
         1          1     0.0001
         2          4     0.0002
         3          1     0.0001
         4         13     0.0008
         5         27     0.0016
         6         78     0.0046
         7        133     0.0078
         8        321     0.0189
         9        656     0.0386
        10       1197     0.0704
        11       2053     0.1208
        12       3572     0.2101
        13       5262     0.3095
        14       7124     0.4191
        15       9314     0.5479
        16      11146     0.6556
        17      12901     0.7589
        18      14059     0.8270
        19      15150     0.8912
        20      15796     0.9292
        21      16281     0.9577
        22      16579     0.9752
        23      16761     0.9859
        24      16868     0.9922
        25      16920     0.9953
        26      16956     0.9974
        27      16966     0.9980
        28      16987     0.9992
        29      16995     0.9997
        30      16997     0.9998
        31      17000     1.0000
